# name: debug
# type: sparse matrix
# nnz: 196
# rows: 14
# columns: 14

1 1 1.050006880
2 1 0.115000008
3 1 -0.230000016
4 1 0.000000000
5 1 0.200000016
6 1 0.100000011
7 1 0.000000000
8 1 -0.949999997
9 1 0.015000002
10 1 -0.030000005
11 1 0.000000000
12 1 -0.200000016
13 1 -0.100000011
14 1 -0.000000000
1 2 0.115000008
2 2 2.362506842
3 2 0.020000003
4 2 -0.200000022
5 2 0.000000000
6 2 1.150000015
7 2 -0.199999973
8 2 0.115000008
9 2 -0.787499981
10 2 0.020000003
11 2 0.200000033
12 2 0.000000000
13 2 -1.150000015
14 2 0.000000010
1 3 -0.230000016
2 3 0.020000003
3 3 2.332506837
4 3 -0.100000011
5 3 -1.149999984
6 3 0.000000000
7 3 -0.099999987
8 3 -0.229999984
9 3 0.020000003
10 3 -0.817499986
11 3 0.100000017
12 3 1.149999984
13 3 0.000000000
14 3 0.000000005
1 4 0.000000000
2 4 -0.200000022
3 4 -0.100000011
4 4 1.000006926
5 4 0.000000000
6 4 0.000000000
7 4 -1.300000060
8 4 0.000000000
9 4 -0.200000022
10 4 -0.100000011
11 4 -1.000000110
12 4 0.000000000
13 4 0.000000000
14 4 0.000000111
1 5 0.200000016
2 5 0.000000000
3 5 -1.149999984
4 5 0.000000000
5 5 1.000006871
6 5 0.000000000
7 5 0.200000003
8 5 0.199999989
9 5 0.000000000
10 5 -0.150000012
11 5 0.000000000
12 5 -0.999999999
13 5 0.000000000
14 5 -0.000000014
1 6 0.100000011
2 6 1.150000015
3 6 0.000000000
4 6 0.000000000
5 6 0.000000000
6 6 1.000006926
7 6 -0.400000016
8 6 0.100000011
9 6 0.150000016
10 6 0.000000000
11 6 0.000000000
12 6 0.000000000
13 6 -1.000000054
14 6 0.000000028
1 7 0.000000000
2 7 -0.199999973
3 7 -0.099999987
4 7 -1.300000060
5 7 0.200000003
6 7 -0.400000016
7 7 1.889906940
8 7 -0.000000006
9 7 0.200000021
10 7 0.100000010
11 7 1.300000132
12 7 -0.200000003
13 7 0.400000016
14 7 0.000099842
1 8 -0.949999997
2 8 0.115000008
3 8 -0.229999984
4 8 0.000000000
5 8 0.199999989
6 8 0.100000011
7 8 -0.000000006
8 8 1.050006869
9 8 0.015000002
10 8 -0.030000001
11 8 0.000000000
12 8 -0.199999989
13 8 -0.100000011
14 8 0.000000000
1 9 0.015000002
2 9 -0.787499981
3 9 0.020000003
4 9 -0.200000022
5 9 0.000000000
6 9 0.150000016
7 9 0.200000021
8 9 0.015000002
9 9 1.062506882
10 9 0.020000003
11 9 0.200000033
12 9 0.000000000
13 9 -0.150000016
14 9 -0.000000018
1 10 -0.030000005
2 10 0.020000003
3 10 -0.817499986
4 10 -0.100000011
5 10 -0.150000012
6 10 0.000000000
7 10 0.100000010
8 10 -0.030000001
9 10 0.020000003
10 10 1.032506877
11 10 0.100000017
12 10 0.150000012
13 10 0.000000000
14 10 -0.000000009
1 11 0.000000000
2 11 0.200000033
3 11 0.100000017
4 11 -1.000000110
5 11 0.000000000
6 11 0.000000000
7 11 1.300000132
8 11 0.000000000
9 11 0.200000033
10 11 0.100000017
11 11 1.000007037
12 11 0.000000000
13 11 0.000000000
14 11 -0.000000111
1 12 -0.200000016
2 12 0.000000000
3 12 1.149999984
4 12 0.000000000
5 12 -0.999999999
6 12 0.000000000
7 12 -0.200000003
8 12 -0.199999989
9 12 0.000000000
10 12 0.150000012
11 12 0.000000000
12 12 1.000006871
13 12 0.000000000
14 12 0.000000014
1 13 -0.100000011
2 13 -1.150000015
3 13 0.000000000
4 13 0.000000000
5 13 0.000000000
6 13 -1.000000054
7 13 0.400000016
8 13 -0.100000011
9 13 -0.150000016
10 13 0.000000000
11 13 0.000000000
12 13 0.000000000
13 13 1.000006926
14 13 -0.000000028
1 14 -0.000000000
2 14 0.000000010
3 14 0.000000005
4 14 0.000000111
5 14 -0.000000014
6 14 0.000000028
7 14 0.000099842
8 14 0.000000000
9 14 -0.000000018
10 14 -0.000000009
11 14 -0.000000111
12 14 0.000000014
13 14 -0.000000028
14 14 -0.000093128
