1403636579963555584.000000 0.655328393 0.051824506 0.193076313 -0.579527855 -0.578064740 -0.387521625 0.424046785
1403636582463555584.000000 0.640753448 0.040761277 0.091632210 -0.593387425 -0.591844082 -0.375079244 0.396140695
1403636585013555456.000000 0.660017192 0.077206127 0.471299857 -0.579601407 -0.550542355 -0.433639586 0.415838927
1403636585513555456.000000 0.671285868 0.076982260 0.262807965 -0.588696718 -0.569043756 -0.425045460 0.385955721
1403636588163555584.000000 0.980148137 0.045042630 0.181373090 -0.689889669 -0.600727081 -0.288979918 0.282258391
1403636591063555584.000000 0.666078508 -0.026498459 0.195293695 -0.656032979 -0.631528020 -0.273785561 0.309571713
1403636593913555456.000000 0.581232250 -0.087756753 0.133255973 -0.657192051 -0.624948502 -0.250302523 0.338949531
1403636594363555584.000000 0.830266058 -0.084403768 0.132484227 -0.726465940 -0.537335396 -0.323394835 0.280951619
1403636594763555584.000000 0.942786336 0.103821442 0.127786294 -0.711592436 -0.533628464 -0.348121196 0.296122611
1403636596363555584.000000 0.765893579 -0.160548449 0.100002110 -0.679104269 -0.589522898 -0.312564492 0.305914402
1403636596663555584.000000 0.660768330 -0.258925885 0.131759986 -0.668276191 -0.595332026 -0.321504265 0.309227616
1403636597163555584.000000 0.677937686 -0.110976741 0.120739929 -0.659688413 -0.612342417 -0.317040145 0.298887402
1403636599663555584.000000 0.694503725 0.210173696 -0.095535025 -0.520737588 -0.627833009 -0.349065661 0.461314768
1403636601163555584.000000 0.701947629 0.207887009 -0.102093376 -0.515600264 -0.608502209 -0.358008206 0.485501289
1403636603663555584.000000 0.701940417 0.208071947 -0.102220006 -0.515650332 -0.608434021 -0.358135343 0.485439807
1403636606163555584.000000 0.701912582 0.207706377 -0.102179304 -0.515678167 -0.608405828 -0.358102649 0.485469729
1403636608663555584.000000 0.701867402 0.207815886 -0.102220088 -0.515660822 -0.608404219 -0.358209521 0.485411286
1403636611163555584.000000 0.701853156 0.207904249 -0.102101929 -0.515704930 -0.608572125 -0.358055294 0.485267788
1403636613663555584.000000 0.702234685 0.208016813 -0.102329753 -0.515550792 -0.608358443 -0.358502001 0.485369802
1403636616163555584.000000 0.702290773 0.208105475 -0.102315307 -0.515577912 -0.608327925 -0.358452290 0.485415846
1403636618663555584.000000 0.702301979 0.208041653 -0.102326728 -0.515562654 -0.608305573 -0.358369321 0.485521406
1403636621163555584.000000 0.702371895 0.208095863 -0.102368742 -0.515299618 -0.608415842 -0.358949095 0.485233992
1403636623663555584.000000 0.702721775 0.208227471 -0.102301084 -0.516543269 -0.607223868 -0.358000696 0.486104667
1403636626313555456.000000 0.746584952 0.226517007 0.232243687 -0.521458030 -0.622757077 -0.351142943 0.465783089
1403636628513555456.000000 0.970720470 0.242618397 0.363408506 -0.555297554 -0.594684124 -0.378638595 0.441167057
1403636630013555456.000000 1.422489166 0.500156939 0.315449089 -0.655819952 -0.514605105 -0.427807182 0.349375069
1403636632813555456.000000 2.317025661 1.627541542 0.223021612 -0.639087617 -0.530611336 -0.414603889 0.371647984
1403636635663555584.000000 2.931182384 3.477139711 0.170788199 -0.569355309 -0.598651409 -0.376420230 0.419236034
1403636635913555456.000000 2.989131689 3.670843363 0.227682933 -0.572995424 -0.586906493 -0.374772936 0.432160139
1403636638063555584.000000 3.330036879 4.936147213 0.508007407 -0.551723957 -0.602308989 -0.389840186 0.425263703
1403636638413555456.000000 3.326228142 5.100094795 0.467435122 -0.561326861 -0.603329897 -0.374483138 0.425050229
1403636638813555456.000000 3.350730896 5.311199188 0.420130074 -0.562372983 -0.610687494 -0.371146679 0.415989816
1403636641613555456.000000 3.911713362 6.882610798 0.226874709 -0.525389254 -0.621890306 -0.371477693 0.446344107
1403636643563555584.000000 4.190164566 7.261492252 0.238860443 -0.571823120 -0.595763564 -0.383113772 0.413893670
1403636643863555584.000000 4.243876934 7.345922470 0.291402191 -0.574751496 -0.606328547 -0.374388099 0.402318180
1403636644313555456.000000 4.322738647 7.560866356 0.310577512 -0.573696077 -0.594996393 -0.376144230 0.418769300
1403636647163555584.000000 5.427066326 9.572013855 0.186057448 -0.654297650 -0.485578328 -0.459850311 0.353052348
1403636647513555456.000000 5.587313652 9.751188278 0.211967319 -0.650101066 -0.483949751 -0.458816499 0.364209533
1403636649513555456.000000 6.614640236 10.004600525 0.258220345 -0.737235069 -0.348188251 -0.521901429 0.250735730
1403636649913555456.000000 6.785647392 9.989146233 0.430203557 -0.735596418 -0.328679532 -0.536511481 0.251044244
1403636650263555584.000000 6.905295372 9.933728218 0.469429165 -0.746942103 -0.300319493 -0.547384739 0.228594944
1403636652263555584.000000 7.098896980 9.229569435 0.413133472 -0.803034306 -0.121198826 -0.574216247 0.103549115
1403636654713555456.000000 7.207562447 8.080648422 0.420013428 0.817732453 -0.020197749 0.575195432 0.007482060
1403636654913555456.000000 7.180127144 8.005833626 0.432193667 0.819248497 -0.036179103 0.571929276 0.020491511
1403636655263555584.000000 7.130482197 7.886131763 0.406546116 0.803436399 -0.047064189 0.592950642 0.026163479
1403636655913555456.000000 6.901957989 7.662061214 0.319837630 0.812964857 -0.126331866 0.565110326 0.061471920
1403636656813555456.000000 6.594951630 7.222122192 0.327560008 0.794881225 -0.155959129 0.577474058 0.101805292
1403636659013555456.000000 5.647455215 5.859849453 0.083237894 0.800331831 -0.154784724 0.565912187 0.123507522
1403636659313555456.000000 5.565239906 5.706699848 -0.002970627 0.794913054 -0.157826766 0.573768377 0.118295997
1403636659613555456.000000 5.480131626 5.583408356 -0.055311687 0.803040862 -0.158103660 0.562166035 0.118734628
1403636660963555584.000000 5.374361515 5.304910660 -0.474142194 0.799042165 -0.148330063 0.564769208 0.143407315
1403636661163555584.000000 5.411993504 5.318633556 -0.568680704 0.795440435 -0.156123266 0.570476770 0.132122666
1403636663463555584.000000 5.362544060 5.859757423 -0.840184510 0.822350502 -0.169779047 0.529233873 0.121762849
1403636663863555584.000000 5.463029861 5.853846073 -0.954340279 0.825236738 -0.149003655 0.524909556 0.145781830
1403636665013555456.000000 6.169047356 6.320070267 -1.122274876 0.805289745 -0.133781180 0.568568766 0.101689480
1403636665213555456.000000 6.274553299 6.443044186 -1.108994603 0.813010573 -0.135640830 0.558574975 0.092786588
1403636668163555584.000000 7.422848701 7.879084587 -1.014416695 0.813132644 -0.139095947 0.558258474 0.088403590
1403636668913555456.000000 7.758673191 8.107234001 -1.171100259 0.805887759 -0.129376605 0.563082695 0.129400358
1403636669263555584.000000 7.929672241 8.287056923 -1.183356404 0.796562791 -0.143241495 0.576366723 0.113009378
1403636669613555456.000000 8.065825462 8.504970551 -1.231991410 0.787505090 -0.141746596 0.588724732 0.114659972
1403636669913555456.000000 8.133645058 8.722856522 -1.259777188 0.779667377 -0.160878688 0.599971354 0.079191238
1403636670313555456.000000 8.104599953 8.955726624 -1.219974160 0.776261151 -0.179150984 0.603862584 0.025954256
1403636673013555456.000000 6.561313629 6.666474819 -0.655027211 -0.813305438 -0.149511084 -0.555953383 0.084240735
1403636675263555584.000000 7.118721485 7.379114628 -0.950451016 -0.809772313 -0.240401119 -0.515266657 0.144832790
1403636677663555584.000000 7.949225426 9.290615082 -1.263640165 -0.653167188 -0.460309893 -0.493075401 0.344040781
1403636680363555584.000000 7.808132172 10.041997910 -0.941820860 -0.355617970 -0.720816553 -0.317678541 0.503030539
1403636683263555584.000000 6.353822708 8.522974014 -0.833060086 -0.387152076 -0.711827338 -0.289589465 0.509463429
1403636685063555584.000000 5.575153828 7.327404499 -0.866756558 -0.374030530 -0.718845010 -0.277475983 0.516110659
1403636688013555456.000000 4.766771317 5.494580269 -0.996838272 -0.383021116 -0.717188418 -0.272531152 0.514453471
1403636689313555456.000000 4.494457245 4.824960232 -1.269000888 -0.364350587 -0.740369260 -0.245939761 0.508542776
1403636689913555456.000000 4.288570404 4.613565445 -1.145719171 -0.379678845 -0.741276920 -0.214373365 0.510290682
1403636690263555584.000000 4.184594154 4.603049278 -1.105323076 -0.374653846 -0.743545353 -0.230241910 0.503749549
1403636690713555456.000000 4.050649166 4.700505257 -1.033369422 -0.384859592 -0.729964793 -0.217722937 0.521182597
1403636691013555456.000000 4.002214432 4.826386452 -1.074604988 -0.390493453 -0.699019790 -0.207397595 0.562025428
1403636691313555456.000000 4.080283642 4.980393410 -1.075280190 -0.358957291 -0.696050823 -0.247130662 0.570604444
1403636693663555584.000000 5.345483780 5.377075672 -0.369614661 -0.366885722 -0.760687172 -0.227242067 0.484882474
1403636694013555456.000000 5.359363556 5.466973782 -0.344035268 -0.353227049 -0.739518583 -0.243363276 0.518765211
1403636695463555584.000000 5.396872997 5.842255592 -0.331056774 -0.358937681 -0.733414114 -0.251825124 0.519472480
1403636698063555584.000000 5.243782997 5.766723156 -0.296167701 -0.427301288 -0.698896646 -0.307138652 0.484379083
1403636700913555456.000000 4.794265747 5.079321384 -0.755250871 -0.721532583 -0.383400857 -0.500557184 0.286071956
1403636703713555456.000000 5.672140598 4.947972775 -1.186770082 -0.760564148 -0.310400218 -0.526454568 0.219179273
1403636705313555456.000000 6.420339108 5.246970177 -1.358227491 -0.755499721 -0.331873655 -0.521045446 0.218155399
1403636705763555584.000000 6.683745861 5.520962238 -1.411869884 -0.760205209 -0.330589473 -0.515184343 0.217677921
1403636706113555456.000000 6.891739368 5.767611504 -1.447272301 -0.754994452 -0.308420748 -0.520185769 0.253509045
1403636706363555584.000000 7.046603203 5.917882442 -1.473649383 -0.748528659 -0.326495588 -0.527689397 0.233772129
1403636709013555456.000000 8.485148430 7.935260773 -1.545406342 -0.741892040 -0.317478806 -0.547785163 0.220759779
1403636709963555584.000000 8.720783234 8.545025826 -1.594439507 -0.751403749 -0.322002321 -0.537459612 0.206988171
1403636712863555584.000000 7.942338467 9.730479240 -1.492154717 -0.662318110 -0.444782615 -0.501850247 0.334140033
1403636715813555456.000000 6.625433445 8.594439507 -0.993442357 -0.609103918 -0.529717267 -0.435903013 0.397970706
1403636718663555584.000000 6.050676346 7.266448498 -1.033717155 -0.471954465 -0.668124795 -0.313392967 0.482341379
1403636721463555584.000000 5.485123634 6.075773716 -1.266374826 -0.520487010 -0.622840703 -0.360703588 0.459407985
1403636724263555584.000000 5.443574429 5.031442642 -1.276385307 -0.604552686 -0.560090184 -0.411475122 0.389234126
1403636727213555456.000000 5.266083241 4.358338356 -0.780477822 -0.613301992 -0.532280862 -0.443134516 0.379696786
1403636730113555456.000000 4.641561985 3.298251152 -0.349884123 -0.580525458 -0.578418136 -0.405840963 0.404618233
1403636733063555584.000000 4.252826691 2.573876619 -0.436989814 -0.564671397 -0.575985134 -0.420776367 0.415131986
1403636736013555456.000000 3.410508871 1.387351155 -0.066797197 -0.581954122 -0.578500926 -0.401548713 0.406724364
1403636738513555456.000000 2.811324596 1.004862189 0.223316580 -0.548902571 -0.612176180 -0.367582023 0.434545547
1403636741313555456.000000 3.236141443 0.971307218 -0.369069248 -0.691102624 -0.423793107 -0.496885926 0.309646666
1403636744263555584.000000 3.679535866 1.333027720 -1.209467173 -0.713380814 -0.386727124 -0.508272290 0.288425595
1403636746813555456.000000 3.978619814 1.665845633 -1.806274414 -0.741099775 -0.378229886 -0.481759161 0.274993509
1403636749563555584.000000 3.906463861 2.207556725 -1.184495568 -0.729922354 -0.356730193 -0.524518728 0.254631072
1403636750563555584.000000 3.876471519 2.171458483 -0.983979702 -0.719561517 -0.373599857 -0.517786205 0.273041904
1403636752063555584.000000 3.629731178 2.050758600 -0.287345171 -0.727951467 -0.398428202 -0.484657973 0.276492715
1403636752363555584.000000 3.646809101 2.067299366 -0.187669575 -0.704535067 -0.407878548 -0.498795152 0.297437102
1403636755263555584.000000 3.028720140 1.773449659 0.089926265 -0.514381230 -0.628787816 -0.378797501 0.443339974
1403636757013555456.000000 2.031333208 1.091617227 0.209373251 -0.513543725 -0.627153873 -0.375111699 0.449713260
1403636757313555456.000000 1.860617995 0.933187485 0.227546275 -0.512972176 -0.628788292 -0.374267668 0.448785812
1403636757563555584.000000 1.719151258 0.789583206 0.214833364 -0.511263490 -0.638966978 -0.369277865 0.440414310
1403636757813555456.000000 1.564800739 0.651432633 0.234412581 -0.509968817 -0.659815431 -0.345575482 0.430294067
1403636758113555456.000000 1.362829328 0.534361422 0.320176274 -0.497463942 -0.653475463 -0.346459776 0.453282595
1403636758513555456.000000 1.104130030 0.394744605 0.354979157 -0.509030342 -0.653890669 -0.326164544 0.454897553
1403636759013555456.000000 0.850670159 0.314448357 0.321290314 -0.500055671 -0.644628882 -0.343346477 0.465307742
1403636759313555456.000000 0.745824456 0.288692355 0.268609852 -0.516315818 -0.626186430 -0.316923559 0.490783006
1403636759613555456.000000 0.714253843 0.265217811 0.188543096 -0.494815111 -0.642984509 -0.346167445 0.471059501
1403636759963555584.000000 0.707967818 0.220060542 0.152265400 -0.494755179 -0.651258290 -0.344199002 0.461093277
1403636760163555584.000000 0.706099093 0.190895230 0.131421387 -0.502204657 -0.657797337 -0.334824681 0.450539142
1403636760563555584.000000 0.705984056 0.151824504 0.076461814 -0.492423147 -0.650130093 -0.348849356 0.461686552
1403636760863555584.000000 0.703367889 0.115146779 0.032368634 -0.489168525 -0.657628477 -0.351248890 0.452618092
1403636761313555456.000000 0.660956562 0.068087086 -0.026774691 -0.502417803 -0.670324683 -0.329337656 0.435635179
1403636761513555456.000000 0.627954543 0.072639585 -0.032967389 -0.493836492 -0.659048021 -0.342391163 0.452271432
1403636761863555584.000000 0.570043325 0.084709004 -0.023637816 -0.501744926 -0.640863121 -0.334284455 0.475184590
1403636762263555584.000000 0.541761279 0.087122805 0.006617609 -0.486885190 -0.663040817 -0.359524131 0.440524846
1403636762663555584.000000 0.468345791 0.103550076 -0.036102522 -0.517650843 -0.635202587 -0.316670150 0.477781802
1403636763113555456.000000 0.492686659 0.090949222 -0.097481802 -0.525354803 -0.611433864 -0.356625825 0.472195923
1403636763463555584.000000 0.498321682 0.075115882 -0.114654526 -0.535297990 -0.603464663 -0.356261551 0.471555203
1403636763713555456.000000 0.500399768 0.056300789 -0.125947714 -0.535734177 -0.603062332 -0.355775118 0.471941620
