1403636626713555456.000000 5.031597137 0.508917093 -7.147603512 -0.530131519 -0.603340626 -0.388191283 0.451938331
1403636626863555584.000000 5.047648430 0.502987325 -7.160152912 -0.531631887 -0.609143794 -0.382536441 0.447188258
1403636627463555584.000000 5.105604649 0.458437294 -7.140214443 -0.534850299 -0.612574816 -0.375852883 0.444321990
1403636627713555456.000000 5.135010719 0.438649386 -7.112399578 -0.551688910 -0.606493056 -0.376467973 0.431367040
1403636627963555584.000000 5.169363022 0.426095635 -7.139073849 -0.576696098 -0.602430284 -0.377638638 0.402353615
1403636629013555456.000000 5.355127811 0.538772464 -7.034670353 -0.593666136 -0.574339509 -0.397789925 0.399321824
1403636629163555584.000000 5.397150993 0.547518015 -7.012820721 -0.599914849 -0.569804788 -0.401428074 0.392785043
1403636629563555584.000000 5.516921043 0.603088081 -7.000131130 -0.623947144 -0.530423999 -0.418154567 0.393048376
1403636629713555456.000000 5.572832584 0.628161788 -7.022458076 -0.643038511 -0.519490659 -0.422647864 0.371483117
1403636630113555456.000000 5.745785236 0.718535483 -7.094430447 -0.679762721 -0.476860374 -0.448856413 0.330234557
1403636630513555456.000000 5.927785873 0.840993404 -7.066270351 -0.676908076 -0.463217407 -0.467880219 0.329109818
1403636630563555584.000000 5.950253963 0.856592238 -7.056362152 -0.676180542 -0.465806663 -0.467951596 0.326841593
1403636633113555456.000000 6.748023987 1.858893633 -7.180469036 -0.614288509 -0.545803308 -0.426759779 0.377656728
1403636634813555456.000000 7.216027260 2.916559219 -7.251979828 -0.594597340 -0.559903026 -0.419946462 0.395736843
1403636634863555584.000000 7.231236458 2.949861288 -7.252259731 -0.593738616 -0.562567592 -0.417131901 0.396223724
1403636634963555584.000000 7.260094166 3.015903473 -7.247869968 -0.591444194 -0.568489254 -0.412022531 0.396549195
1403636635263555584.000000 7.336923599 3.214253664 -7.235258102 -0.587448120 -0.578357339 -0.402814358 0.397678286
1403636635713555456.000000 7.445447922 3.526721478 -7.221232414 -0.593958914 -0.572832108 -0.392234743 0.406482667
1403636635913555456.000000 7.505610466 3.676835775 -7.175045967 -0.597173393 -0.562082648 -0.390282959 0.418480784
1403636636013555456.000000 7.542079449 3.752388954 -7.146520615 -0.600802481 -0.565656662 -0.386273593 0.412142664
1403636636113555456.000000 7.582123280 3.829070091 -7.121295929 -0.600122094 -0.572125316 -0.388164133 0.402311921
1403636636213555456.000000 7.623962879 3.907959700 -7.093447685 -0.593827665 -0.573443353 -0.397307456 0.400846869
1403636636613555456.000000 7.785290241 4.208534241 -6.966245174 -0.569206297 -0.566456199 -0.431693435 0.410819262
1403636636813555456.000000 7.849339008 4.328677177 -6.946121216 -0.562173784 -0.574565530 -0.441091567 0.399090767
1403636637213555456.000000 7.906064034 4.522525311 -6.985464096 -0.580033720 -0.574796259 -0.410664529 0.405616641
1403636637413555456.000000 7.920190811 4.601449490 -7.005078793 -0.582738578 -0.578868151 -0.404025137 0.402605563
1403636637713555456.000000 7.935158253 4.731606960 -6.973125935 -0.583583713 -0.581694067 -0.398586750 0.402728945
1403636638013555456.000000 7.946221352 4.876934052 -6.898606777 -0.577542365 -0.578620136 -0.404569656 0.409837842
1403636638413555456.000000 7.957145214 5.061156750 -6.932291985 -0.586213470 -0.579018116 -0.389719576 0.411351889
1403636638613555456.000000 7.970974445 5.153871059 -6.972883701 -0.599567354 -0.585585594 -0.369254500 0.401571482
1403636638713555456.000000 7.984143257 5.208618164 -6.977171421 -0.593837798 -0.588171959 -0.377274632 0.398841113
1403636638913555456.000000 8.015270233 5.329930305 -6.959254265 -0.585131347 -0.582869291 -0.388874710 0.408241481
1403636639113555456.000000 8.051428795 5.460008621 -6.930281162 -0.590615511 -0.573150933 -0.379885703 0.422324836
1403636639313555456.000000 8.103724480 5.596285820 -6.947835922 -0.592987001 -0.572039008 -0.376418293 0.423612118
1403636639413555456.000000 8.138351440 5.666388035 -6.970877647 -0.588039696 -0.578055739 -0.383765578 0.415674120
1403636640813555456.000000 8.536422729 6.499457359 -7.099077225 -0.546856821 -0.604093909 -0.389762282 0.429072976
1403636641263555584.000000 8.618734360 6.684263229 -7.111447334 -0.547228336 -0.602715731 -0.390901595 0.429500788
1403636641963555584.000000 8.738302231 6.889785290 -7.151274204 -0.552349150 -0.596638083 -0.393296152 0.429245383
1403636642613555456.000000 8.842020988 7.006053925 -7.126393795 -0.584370255 -0.567681134 -0.412013054 0.408037752
1403636643713555456.000000 9.014510155 7.185720444 -7.133306980 -0.598795235 -0.576947212 -0.392504811 0.393085539
1403636643913555456.000000 9.057014465 7.246860504 -7.097654343 -0.600500405 -0.582525373 -0.387870908 0.386806875
1403636644063555584.000000 9.090019226 7.307505608 -7.085907936 -0.601160347 -0.584679663 -0.386520654 0.383872062
1403636644413555456.000000 9.167549133 7.497622490 -7.100006580 -0.597276151 -0.560196340 -0.393679798 0.417681098
1403636644513555456.000000 9.195623398 7.556523323 -7.119970798 -0.596405029 -0.552431881 -0.394951642 0.427940696
1403636644613555456.000000 9.228934288 7.613493443 -7.147886276 -0.596650183 -0.548305869 -0.394354403 0.433420986
1403636645263555584.000000 9.503009796 7.916855812 -7.361560822 -0.610644341 -0.584368110 -0.380832374 0.374958873
1403636645463555584.000000 9.586030960 8.041982651 -7.377350330 -0.605147898 -0.578752279 -0.390708059 0.382346869
1403636645563555584.000000 9.627125740 8.114383698 -7.390429020 -0.603137732 -0.577193379 -0.394158453 0.384333074
1403636645763555584.000000 9.707546234 8.274209976 -7.421741009 -0.600636065 -0.575187266 -0.398147047 0.387136668
1403636646213555456.000000 9.891843796 8.679886818 -7.369657516 -0.620378315 -0.535811663 -0.414937019 0.394796163
1403636646513555456.000000 10.048417091 8.935777664 -7.343394279 -0.650886714 -0.475522846 -0.459646285 0.372759789
1403636646613555456.000000 10.104039192 9.009496689 -7.336157799 -0.656207919 -0.465265363 -0.470672697 0.362472832
1403636647113555456.000000 10.366623878 9.308404922 -7.224422455 -0.673465908 -0.456163764 -0.474603176 0.336318642
1403636647413555456.000000 10.513777733 9.453633308 -7.193643093 -0.673186302 -0.457364261 -0.470941246 0.340371281
1403636647813555456.000000 10.716987610 9.606261253 -7.173769951 -0.669424474 -0.451693982 -0.475686759 0.348662496
1403636648013555456.000000 10.826367378 9.656422615 -7.169204712 -0.679921508 -0.439084977 -0.482484490 0.334842980
1403636648113555456.000000 10.881666183 9.673361778 -7.180220604 -0.690013647 -0.424511969 -0.488730729 0.323748529
1403636648613555456.000000 11.152418137 9.696974754 -7.291337013 -0.742012203 -0.327330291 -0.526459277 0.255173385
1403636649413555456.000000 11.547429085 9.668733597 -7.199027061 -0.751575589 -0.312577009 -0.534030139 0.228564307
1403636649613555456.000000 11.637976646 9.664410591 -7.108031273 -0.749051869 -0.315725714 -0.532882988 0.235105023
1403636649913555456.000000 11.760520935 9.637927055 -6.987978935 -0.749693692 -0.297189981 -0.545123756 0.229079843
1403636650363555584.000000 11.901925087 9.545182228 -6.954833508 -0.768233955 -0.248620138 -0.557661116 0.192402467
1403636650763555584.000000 11.978812218 9.417654037 -7.014952183 -0.797430754 -0.184670061 -0.557370722 0.139065564
1403636651063555584.000000 12.021943092 9.327157974 -7.017996788 -0.790562153 -0.171786994 -0.572786272 0.131972149
1403636651763555584.000000 12.048947334 9.107949257 -6.944355488 -0.787003994 -0.180113956 -0.571463227 0.147015542
1403636652113555456.000000 12.031653404 8.955178261 -6.979001522 -0.796543598 -0.124154635 -0.579500318 0.119513012
1403636653013555456.000000 11.964104652 8.442905426 -7.082162380 0.831900477 -0.002038730 0.554892361 -0.005656528
1403636653113555456.000000 11.979014397 8.390781403 -7.079194069 0.828061521 0.001002531 0.560607016 -0.005744442
1403636653413555456.000000 12.037782669 8.244132996 -7.096353054 -0.813068330 -0.013722896 -0.581914961 0.010329223
1403636654813555456.000000 11.995676994 7.683443546 -7.011665821 0.817681134 -0.064800210 0.570769787 0.037687127
1403636654963555584.000000 11.972582817 7.630679131 -7.009676456 0.814990103 -0.072760090 0.572979689 0.046813115
1403636655263555584.000000 11.921186447 7.534303665 -7.034944057 0.801240683 -0.081331030 0.590647697 0.050338361
1403636655563555584.000000 11.831532478 7.441865921 -7.060686588 0.798304319 -0.107871525 0.589188337 0.062699370
1403636655963555584.000000 11.657228470 7.312214851 -7.136383533 0.805656314 -0.169789612 0.560417056 0.089566506
1403636656063555584.000000 11.614746094 7.274163246 -7.163105488 0.801922560 -0.184101999 0.559694529 0.098836571
1403636656563555584.000000 11.419260979 7.051984787 -7.149493217 0.802355349 -0.198858812 0.549397647 0.121833578
1403636656613555456.000000 11.403070450 7.027420521 -7.141050339 0.801570296 -0.197287917 0.550954819 0.122521192
1403636656713555456.000000 11.372454643 6.977488041 -7.126112461 0.794935763 -0.193819910 0.561552644 0.123164408
1403636656813555456.000000 11.341273308 6.926876068 -7.117565155 0.788274050 -0.189124703 0.572013736 0.125125065
1403636657263555584.000000 11.165615082 6.720906734 -7.152791500 0.783497512 -0.186118752 0.581921518 0.113397367
1403636657713555456.000000 10.919050217 6.516575813 -7.195268631 0.797511220 -0.194641590 0.561651587 0.103141010
1403636657813555456.000000 10.863975525 6.463349342 -7.212858200 0.796579182 -0.199114501 0.561416984 0.103082582
1403636657913555456.000000 10.808837891 6.407268047 -7.233204365 0.797263563 -0.206860006 0.558579087 0.097823024
1403636658013555456.000000 10.753482819 6.345747471 -7.247953415 0.798457384 -0.210406855 0.555650473 0.097198002
1403636658213555456.000000 10.640440941 6.207089424 -7.253458500 0.800836444 -0.203399688 0.551520348 0.114520483
1403636658413555456.000000 10.534313202 6.059387207 -7.263049603 0.802988350 -0.198086679 0.547659099 0.126653388
1403636658463555584.000000 10.509540558 6.022356033 -7.267970562 0.803631783 -0.196870372 0.546517611 0.129369795
1403636658663555584.000000 10.419789314 5.877293587 -7.293253899 0.804948807 -0.189776808 0.544136405 0.141272038
1403636658763555584.000000 10.380807877 5.808929920 -7.309600830 0.803561330 -0.186959207 0.545996904 0.145680591
1403636658813555456.000000 10.362751961 5.776028633 -7.318558693 0.802111089 -0.184528545 0.547925115 0.149483249
1403636659013555456.000000 10.300287247 5.657623768 -7.361654282 0.793683469 -0.187807813 0.560000658 0.145582184
1403636659113555456.000000 10.270632744 5.605363846 -7.388494492 0.789273620 -0.189443380 0.566266477 0.143180609
1403636659213555456.000000 10.240096092 5.557075500 -7.419003010 0.786783695 -0.190129146 0.569821835 0.141864330
1403636659263555584.000000 10.224242210 5.534806252 -7.433820724 0.786696732 -0.190558910 0.569949150 0.141257375
1403636659413555456.000000 10.175505638 5.473217487 -7.470788956 0.792936862 -0.191243023 0.561349273 0.139872402
1403636659863555584.000000 10.045437813 5.320067406 -7.549122334 0.792169809 -0.193160146 0.560649931 0.144318625
1403636660013555456.000000 10.005412102 5.284325600 -7.596883774 0.797478259 -0.196014866 0.552090228 0.144232839
1403636660163555584.000000 9.969355583 5.254421711 -7.652596474 0.803775132 -0.198833004 0.542015851 0.143631235
1403636660513555456.000000 9.927326202 5.192507267 -7.768548012 0.817628682 -0.202099100 0.520397067 0.140805840
1403636660963555584.000000 9.987753868 5.134140491 -7.912925720 0.792668104 -0.181912005 0.557902217 0.165319473
1403636661113555456.000000 10.018148422 5.138773918 -7.982781410 0.789373279 -0.187498927 0.563116848 0.156950057
1403636661263555584.000000 10.047903061 5.155821323 -8.053469658 0.787386239 -0.191954911 0.566031635 0.150945067
1403636661513555456.000000 10.086075783 5.204919338 -8.134963036 0.787070453 -0.193572164 0.566683352 0.148054346
1403636662213555456.000000 10.110842705 5.401570797 -8.127078056 0.785043240 -0.196929634 0.571059227 0.137175992
1403636662513555456.000000 10.073837280 5.497998238 -8.122759819 0.797283292 -0.193399355 0.552439332 0.147468492
1403636662813555456.000000 10.048131943 5.605177879 -8.159004211 0.792656064 -0.217026681 0.557108104 0.119274735
1403636663163555584.000000 10.024003983 5.682833195 -8.227490425 0.801395833 -0.229000166 0.542371750 0.105625227
1403636663463555584.000000 10.020183563 5.686385155 -8.276934624 0.814831913 -0.204322845 0.523474038 0.142394498
1403636663813555456.000000 10.096769333 5.674394131 -8.378016472 0.820071518 -0.188799188 0.515677989 0.160977721
1403636663913555456.000000 10.141998291 5.673245430 -8.397616386 0.816705883 -0.180330023 0.521428943 0.169069633
1403636664113555456.000000 10.260361671 5.692690372 -8.413908958 0.805824578 -0.169973701 0.539588392 0.174929038
1403636664413555456.000000 10.473933220 5.780709267 -8.435237885 0.793296039 -0.174584150 0.563081563 0.152121782
1403636664613555456.000000 10.612793922 5.865114212 -8.497443199 0.790372193 -0.174979746 0.570845187 0.137220889
1403636664713555456.000000 10.678354263 5.913040161 -8.523602486 0.790380418 -0.175783440 0.572536051 0.128847048
1403636665013555456.000000 10.859492302 6.070030689 -8.557140350 0.799574673 -0.167456463 0.563265383 0.123979539
1403636665113555456.000000 10.915894508 6.126232147 -8.553053856 0.805181324 -0.167621091 0.556000173 0.120208718
1403636666413555456.000000 11.613276482 6.843414783 -8.423921585 0.788818538 -0.181893572 0.576350689 0.111802779
1403636666613555456.000000 11.683012962 6.946636677 -8.424704552 0.795452774 -0.179463312 0.568310201 0.109869756
1403636666713555456.000000 11.711503983 6.995913982 -8.414538383 0.801383793 -0.174165308 0.560671866 0.114444934
1403636667413555456.000000 11.945858955 7.267461300 -8.402667046 0.796990752 -0.161122873 0.569218516 0.121801190
1403636667713555456.000000 12.046658516 7.374247551 -8.436820030 0.809502184 -0.172124311 0.551618457 0.103906833
1403636668663555584.000000 12.428404808 7.630280018 -8.546397209 0.805456758 -0.177312732 0.550791264 0.128174201
1403636669063555584.000000 12.639811516 7.764625549 -8.603721619 0.794500828 -0.170258269 0.564926624 0.143661082
1403636669163555584.000000 12.691121101 7.812818527 -8.603196144 0.791911185 -0.175242320 0.568472028 0.137863562
1403636669263555584.000000 12.740045547 7.864223957 -8.606402397 0.790249109 -0.176921800 0.570503354 0.136861369
1403636669563555584.000000 12.873374939 8.035941124 -8.646505356 0.784509599 -0.176490322 0.578326523 0.137601972
1403636669663555584.000000 12.909853935 8.099353790 -8.664545059 0.778339744 -0.173829734 0.586958528 0.139464363
1403636669963555584.000000 12.985405922 8.310792923 -8.682574272 0.774126709 -0.199925393 0.593172312 0.094362088
1403636670163555584.000000 12.989358902 8.436123848 -8.664331436 0.777827263 -0.208553240 0.588304460 0.073405132
1403636670463555584.000000 12.925106049 8.551228523 -8.638062477 0.770823658 -0.206892982 0.601735175 0.030678041
1403636670563555584.000000 12.879731178 8.563503265 -8.630656242 0.774577022 -0.196482316 0.600969374 0.016154140
1403636671613555456.000000 11.845788002 7.622209072 -8.314730644 -0.829420567 -0.073329888 -0.550668657 0.058723349
1403636672513555456.000000 11.293280602 6.588367939 -8.015173912 -0.830088377 -0.118318707 -0.544854879 0.009339582
1403636672763555584.000000 11.278911591 6.464711666 -8.030407906 -0.814625442 -0.093937114 -0.570586979 0.044630088
1403636674363555584.000000 11.560935020 6.634757042 -8.133701324 -0.805609465 -0.154391930 -0.561130881 0.110854305
1403636676713555456.000000 12.606659889 8.071822166 -8.576588631 -0.723837316 -0.394274145 -0.501633704 0.262623370
1403636679513555456.000000 12.869943619 9.601508141 -8.597648621 -0.445030540 -0.675662220 -0.317591250 0.494534343
1403636679963555584.000000 12.817597389 9.652256966 -8.493853569 -0.403219581 -0.697576642 -0.305929482 0.507156730
1403636680363555584.000000 12.767938614 9.614849091 -8.348572731 -0.386410892 -0.704578936 -0.337003469 0.490595311
1403636680463555584.000000 12.744822502 9.586374283 -8.327486038 -0.386657923 -0.708890438 -0.340974629 0.481358886
1403636681163555584.000000 12.413211823 9.251555443 -8.320944786 -0.439670235 -0.708591104 -0.283736080 0.473373681
1403636681263555584.000000 12.358890533 9.211355209 -8.330205917 -0.429770768 -0.705848098 -0.297073334 0.478354514
1403636681363555584.000000 12.302519798 9.173636436 -8.334883690 -0.423674405 -0.700498700 -0.305091977 0.486539274
1403636682013555456.000000 11.929540634 8.893225670 -8.325397491 -0.412593216 -0.697233081 -0.305338681 0.500401139
1403636682313555456.000000 11.754104614 8.736617088 -8.283072472 -0.419113934 -0.702024698 -0.292979121 0.495649248
1403636682513555456.000000 11.640362740 8.635066986 -8.273213387 -0.421568453 -0.702748895 -0.292751968 0.492666632
1403636683313555456.000000 11.187713623 8.203615189 -8.244489670 -0.417879790 -0.693655908 -0.306899399 0.500030756
1403636683463555584.000000 11.102754593 8.106036186 -8.257052422 -0.418263942 -0.694276392 -0.302247196 0.501679420
1403636683613555456.000000 11.019911766 8.007244110 -8.277775764 -0.417688549 -0.695619285 -0.300336659 0.501446068
1403636683813555456.000000 10.912281036 7.873886108 -8.308207512 -0.420575023 -0.701026917 -0.292495310 0.496109188
1403636683963555584.000000 10.833634377 7.777466297 -8.315306664 -0.420517802 -0.702748895 -0.289084792 0.495720416
1403636685363555584.000000 10.269287109 6.896824837 -8.265176773 -0.408762723 -0.705969393 -0.301683217 0.493464828
1403636686163555584.000000 9.980393410 6.330341816 -8.320436478 -0.420300841 -0.700311840 -0.293463290 0.496779412
1403636686263555584.000000 9.941728592 6.260727882 -8.321898460 -0.422493786 -0.700248480 -0.291085124 0.496407688
1403636686363555584.000000 9.903601646 6.193284035 -8.316772461 -0.424204379 -0.700490594 -0.289057612 0.495791584
1403636686863555584.000000 9.719948769 5.895406723 -8.326156616 -0.422669142 -0.700796783 -0.288734108 0.496857524
1403636688863555584.000000 9.225824356 4.933913231 -8.636610031 -0.402504683 -0.710048974 -0.299431026 0.494126976
1403636689163555584.000000 9.125147820 4.780881405 -8.679538727 -0.398846596 -0.717843831 -0.273942322 0.500576973
1403636689263555584.000000 9.088883400 4.734093666 -8.679421425 -0.396668762 -0.720609307 -0.268286556 0.501396656
1403636689363555584.000000 9.051964760 4.691486359 -8.671198845 -0.394374400 -0.722737610 -0.264629811 0.502085984
1403636689463555584.000000 9.014321327 4.653012276 -8.654596329 -0.391926676 -0.723754466 -0.262959957 0.503413379
1403636689563555584.000000 8.977435112 4.616294384 -8.630582809 -0.391706377 -0.725447357 -0.259803802 0.502786636
1403636689663555584.000000 8.941820145 4.581046581 -8.602768898 -0.394708067 -0.727150917 -0.254125297 0.500876606
1403636690063555584.000000 8.800849915 4.508225918 -8.532322884 -0.412391454 -0.718488395 -0.236248657 0.507833064
1403636690163555584.000000 8.773220062 4.509122849 -8.523215294 -0.408393323 -0.722964764 -0.244229227 0.500888288
1403636690463555584.000000 8.691582680 4.553011417 -8.470781326 -0.403505474 -0.724871695 -0.255190372 0.496610850
1403636690563555584.000000 8.662956238 4.577802658 -8.453110695 -0.406382143 -0.720719159 -0.251438439 0.502191365
1403636690763555584.000000 8.610801697 4.642315388 -8.439571381 -0.419533223 -0.705774426 -0.232498184 0.521362662
1403636690863555584.000000 8.592100143 4.682052135 -8.453088760 -0.423047066 -0.696576476 -0.226803541 0.533266008
1403636690963555584.000000 8.583322525 4.727352619 -8.472016335 -0.421881616 -0.685686588 -0.227552637 0.547786176
1403636691063555584.000000 8.587803841 4.777955055 -8.484548569 -0.416905999 -0.674786210 -0.232911408 0.562676847
1403636691163555584.000000 8.609670639 4.828766823 -8.488568306 -0.408857524 -0.670728385 -0.242250949 0.569450200
1403636691263555584.000000 8.648712158 4.876977444 -8.484086990 -0.394544214 -0.674218833 -0.261550039 0.566882193
1403636691363555584.000000 8.702559471 4.916792870 -8.474449158 -0.383668453 -0.682323933 -0.275529444 0.557957053
1403636691513555456.000000 8.796648979 4.964916706 -8.448823929 -0.385596007 -0.699816108 -0.267452151 0.538555980
1403636691713555456.000000 8.935091972 5.020269871 -8.384050369 -0.380748004 -0.715056002 -0.268411815 0.521230280
1403636691813555456.000000 9.005953789 5.045471191 -8.352979660 -0.377313346 -0.718747258 -0.271806806 0.516873360
1403636691913555456.000000 9.075809479 5.067595005 -8.329481125 -0.379292607 -0.717989266 -0.268400729 0.518256426
1403636692013555456.000000 9.145012856 5.088568687 -8.309389114 -0.379194409 -0.711929917 -0.268232465 0.526705623
1403636692263555584.000000 9.320456505 5.133107662 -8.254704475 -0.376950562 -0.716110408 -0.274212182 0.519520938
1403636692363555584.000000 9.390295029 5.144810677 -8.219371796 -0.379899919 -0.715722978 -0.271088004 0.519546092
1403636692463555584.000000 9.459670067 5.154650211 -8.177840233 -0.380054742 -0.717617214 -0.272429377 0.516106844
1403636692713555456.000000 9.625309944 5.171440125 -8.050519943 -0.380752742 -0.719673514 -0.276689708 0.510431349
1403636693163555584.000000 9.851670265 5.177825928 -7.862571716 -0.378127486 -0.728546441 -0.282129019 0.496631533
1403636693463555584.000000 9.935260773 5.173250198 -7.800326347 -0.391514063 -0.734735906 -0.258307248 0.490058482
1403636693763555584.000000 9.982352257 5.205957413 -7.766978264 -0.396109790 -0.740370393 -0.248565540 0.482870549
1403636693863555584.000000 9.989268303 5.229898930 -7.758752346 -0.391564399 -0.734795749 -0.254566163 0.491882801
1403636694613555456.000000 10.008998871 5.434906960 -7.709047794 -0.382882804 -0.723758638 -0.263781697 0.509895444
1403636694963555584.000000 10.015367508 5.518173218 -7.734317780 -0.392794728 -0.714770675 -0.254958481 0.519433737
1403636695363555584.000000 10.048786163 5.622725010 -7.751973629 -0.389831215 -0.716897786 -0.269771606 0.511187255
1403636695713555456.000000 10.081391335 5.708946705 -7.722047329 -0.385806322 -0.716689706 -0.282050341 0.507894576
1403636696613555456.000000 10.096227646 5.847834587 -7.819519997 -0.392002016 -0.705473602 -0.284606904 0.517339587
1403636697063555584.000000 10.102889061 5.843964577 -7.841406345 -0.383420289 -0.714403689 -0.298672050 0.503399849
1403636698413555456.000000 9.771080971 5.479741096 -7.732004166 -0.486412048 -0.657904208 -0.345163792 0.459812313
1403636700713555456.000000 9.351920128 5.006020069 -8.111664772 -0.730194390 -0.361142814 -0.507811129 0.280214041
1403636701063555584.000000 9.415671349 4.918447018 -8.209386826 -0.744471312 -0.352729291 -0.504271984 0.258948624
1403636702163555584.000000 9.707746506 4.761388302 -8.219236374 -0.757164538 -0.310716361 -0.523831010 0.236131772
1403636703763555584.000000 10.267084122 4.764703751 -8.610017776 -0.772806883 -0.277372897 -0.534832358 0.199469641
1403636704663555584.000000 10.639545441 4.802889824 -8.688377380 -0.779790580 -0.291457087 -0.517965257 0.196701273
1403636704963555584.000000 10.789812088 4.858438492 -8.720877647 -0.788538337 -0.299773067 -0.502181411 0.190150365
1403636705113555456.000000 10.877980232 4.907064438 -8.750446320 -0.785978079 -0.302262515 -0.504951596 0.189472631
1403636705263555584.000000 10.974402428 4.971515656 -8.775132179 -0.771678686 -0.300017029 -0.525562704 0.195667043
1403636705413555456.000000 11.070290565 5.045035362 -8.787961006 -0.768382311 -0.299066156 -0.530049622 0.197978333
1403636705863555584.000000 11.353400230 5.309319019 -8.852831841 -0.770563662 -0.293942928 -0.527778566 0.203172684
1403636706013555456.000000 11.450377464 5.408311367 -8.868337631 -0.768013775 -0.283199161 -0.530486166 0.220312163
1403636706313555456.000000 11.648855209 5.581954002 -8.884335518 -0.761947691 -0.290583163 -0.536593914 0.216942742
1403636706463555584.000000 11.745614052 5.658836365 -8.913882256 -0.762309909 -0.300967574 -0.535021782 0.205070496
1403636706763555584.000000 11.927969933 5.822177887 -8.942695618 -0.767573893 -0.304719508 -0.527863801 0.198333934
1403636707213555456.000000 12.192940712 6.116528988 -8.912322998 -0.769625783 -0.295612156 -0.532021165 0.192984939
1403636707363555584.000000 12.276829720 6.224473000 -8.891458511 -0.771600366 -0.293698132 -0.531857014 0.188420847
1403636707513555456.000000 12.358102798 6.339871883 -8.852696419 -0.773537397 -0.291872799 -0.530489206 0.187166840
1403636707813555456.000000 12.520243645 6.588017464 -8.782996178 -0.780395865 -0.280950993 -0.520803273 0.202022150
1403636707963555584.000000 12.605897903 6.713353634 -8.784610748 -0.777145565 -0.281323701 -0.523958743 0.205837652
1403636708713555456.000000 13.076191902 7.295623302 -8.910636902 -0.762772679 -0.280950397 -0.539567411 0.219343692
1403636709163555584.000000 13.340158463 7.555965900 -8.964206696 -0.754788876 -0.283527195 -0.559095204 0.193180144
1403636709313555456.000000 13.401176453 7.640445232 -8.957929611 -0.761603177 -0.283195406 -0.551718950 0.188062072
1403636709463555584.000000 13.451009750 7.726861000 -8.952549934 -0.764918268 -0.284201652 -0.547592700 0.185126081
1403636709613555456.000000 13.491619110 7.817037582 -8.963784218 -0.766661406 -0.286011606 -0.544956505 0.182894096
1403636711263555584.000000 13.547859192 8.909417152 -9.204804420 -0.713616967 -0.388217837 -0.521503687 0.260905653
1403636711713555456.000000 13.450386047 9.121400833 -9.183216095 -0.699141920 -0.376630127 -0.542067587 0.274796307
1403636712013555456.000000 13.322637558 9.214804649 -9.150268555 -0.718472481 -0.365335047 -0.520146787 0.282444835
1403636712163555584.000000 13.252311707 9.246222496 -9.119549751 -0.722640872 -0.359633207 -0.514389277 0.289582312
1403636712613555456.000000 13.030943871 9.291895866 -8.969978333 -0.688120484 -0.409686118 -0.519694686 0.297598749
1403636712763555584.000000 12.942964554 9.291128159 -8.923538208 -0.680759609 -0.412945151 -0.518332839 0.312047720
1403636713213555456.000000 12.643960953 9.214524269 -8.835536003 -0.684616923 -0.421602577 -0.504163027 0.315231115
1403636713513555456.000000 12.431739807 9.120350838 -8.720298767 -0.691397607 -0.420415521 -0.495669991 0.315486133
1403636714263555584.000000 11.979083061 8.798329353 -8.537903786 -0.703166783 -0.408857524 -0.493091762 0.308629960
1403636714613555456.000000 11.815848351 8.621277809 -8.536139488 -0.710543811 -0.420364708 -0.473447680 0.307031512
1403636715713555456.000000 11.506185532 8.290720940 -8.399993896 -0.638054192 -0.504329920 -0.438085526 0.382909089
1403636716413555456.000000 11.426274300 8.066131592 -8.348641396 -0.644768834 -0.497332752 -0.450246096 0.366349399
1403636716863555584.000000 11.376827240 7.869406700 -8.380150795 -0.628563404 -0.516759396 -0.442697078 0.376679003
1403636717263555584.000000 11.326500893 7.685763359 -8.378726006 -0.582074940 -0.570519447 -0.413705260 0.405640632
1403636717563555584.000000 11.283102989 7.544614792 -8.357947350 -0.562270522 -0.589390755 -0.417322427 0.402880281
1403636717963555584.000000 11.167524338 7.352480412 -8.390775681 -0.550272644 -0.601351142 -0.410348535 0.408890009
1403636718313555456.000000 11.000613213 7.180174828 -8.384045601 -0.521974504 -0.627751529 -0.371983647 0.441699952
1403636718463555584.000000 10.920934677 7.104629993 -8.401896477 -0.511063874 -0.637446463 -0.355565935 0.453925908
1403636719013555456.000000 10.661686897 6.861492157 -8.524287224 -0.476679087 -0.662945569 -0.333629817 0.471138477
1403636719213555456.000000 10.582503319 6.783084393 -8.534462929 -0.470123857 -0.659528136 -0.340348929 0.477670193
1403636719863555584.000000 10.361088753 6.478998661 -8.596837997 -0.487105459 -0.652220547 -0.335935414 0.473797470
1403636720463555584.000000 10.222588539 6.205235958 -8.642595291 -0.493101686 -0.651472569 -0.333229512 0.470523477
1403636720913555456.000000 10.165974617 6.041660309 -8.655156136 -0.501607656 -0.645620108 -0.339184999 0.465315014
1403636721063555584.000000 10.157035828 5.996369362 -8.661740303 -0.514104247 -0.632549345 -0.349110931 0.462276727
1403636721813555456.000000 10.176523209 5.761156559 -8.680655479 -0.561979771 -0.587777853 -0.395132691 0.427277565
1403636722013555456.000000 10.185177803 5.694056034 -8.704286575 -0.560260415 -0.588692188 -0.400399357 0.423355818
1403636722463555584.000000 10.185818672 5.538645267 -8.699596405 -0.561348200 -0.588942409 -0.397044420 0.424724311
1403636725113555456.000000 9.918294907 4.599513054 -8.579086304 -0.658672094 -0.484890401 -0.451334089 0.356833249
1403636726963555584.000000 9.799530029 4.253778934 -8.288447380 -0.641868711 -0.495895982 -0.454018414 0.368726313
1403636727963555584.000000 9.745072365 3.992846012 -7.969573498 -0.630847633 -0.513103902 -0.462655485 0.353136837
1403636728263555584.000000 9.670280457 3.909924746 -7.887419701 -0.634199083 -0.505806863 -0.459130228 0.362147123
1403636728463555584.000000 9.609702110 3.852313519 -7.863408089 -0.639206171 -0.500343263 -0.452591151 0.369097948
1403636729363555584.000000 9.354860306 3.530700684 -7.816398621 -0.597393990 -0.547947347 -0.432290167 0.394967467
1403636729663555584.000000 9.255666733 3.395930290 -7.801268101 -0.596931458 -0.549394548 -0.430157453 0.395983636
1403636729913555456.000000 9.170842171 3.276127815 -7.768787384 -0.602399945 -0.550528705 -0.424138337 0.392605633
1403636730113555456.000000 9.101200104 3.181135178 -7.763399124 -0.604302824 -0.552531242 -0.420973063 0.390267998
1403636730513555456.000000 8.963687897 3.006557703 -7.790896893 -0.607730210 -0.557144940 -0.413761288 0.386076719
1403636730713555456.000000 8.898902893 2.936642170 -7.782279015 -0.612275481 -0.560248852 -0.406261772 0.382349759
1403636731163555584.000000 8.771041870 2.857349396 -7.701350212 -0.617548347 -0.539942503 -0.400931388 0.407860428
1403636731663555584.000000 8.714118958 2.802205801 -7.710951805 -0.610980809 -0.540663302 -0.413161099 0.404578269
1403636732663555584.000000 8.720246315 2.643916368 -7.875147343 -0.579868615 -0.555341840 -0.451431334 0.389304131
1403636733063555584.000000 8.651760101 2.501347303 -7.845609665 -0.588631630 -0.551168561 -0.436294615 0.399215639
1403636734613555456.000000 8.145832062 1.787812948 -7.619247913 -0.599124610 -0.560364783 -0.412934214 0.395634234
1403636737513555456.000000 7.304557800 1.169353247 -7.393057346 -0.561414063 -0.597638071 -0.387712419 0.421096385
1403636738213555456.000000 7.130362511 1.088316560 -7.241593361 -0.568653107 -0.591971815 -0.380840242 0.425633341
1403636739213555456.000000 7.137908936 1.093445778 -7.253039360 -0.663664818 -0.477027804 -0.445357472 0.365582108
1403636740613555456.000000 7.424066067 1.069880366 -7.552595615 -0.708496094 -0.401240766 -0.498395622 0.297726363
1403636741013555456.000000 7.483682156 1.052774549 -7.655071259 -0.702708423 -0.411843181 -0.501429319 0.291812986
1403636741213555456.000000 7.507064342 1.037384987 -7.735987663 -0.702506065 -0.404019833 -0.511361539 0.285941809
1403636741563555584.000000 7.520397186 0.997147739 -7.898952961 -0.729935229 -0.385800987 -0.488123953 0.282996714
1403636741963555584.000000 7.558120251 0.965338409 -8.000568390 -0.719927311 -0.395856977 -0.500316560 0.273286045
1403636742163555584.000000 7.577095985 0.962795973 -8.059033394 -0.722801685 -0.404953301 -0.490488440 0.270169765
1403636742563555584.000000 7.615329742 0.992308378 -8.107738495 -0.715416849 -0.402097493 -0.492213249 0.290211082
1403636743263555584.000000 7.694364548 1.050609589 -8.278589249 -0.737738490 -0.399684757 -0.470828384 0.272607327
1403636743963555584.000000 7.892298222 1.236780167 -8.453680992 -0.725516140 -0.375727952 -0.507282317 0.274079621
1403636745713555456.000000 8.354988098 1.559065342 -9.336564064 -0.723510087 -0.361655533 -0.521581113 0.271461964
1403636746163555584.000000 8.414332390 1.594111323 -9.284770012 -0.729921341 -0.352353364 -0.534444451 0.239647970
1403636746813555456.000000 8.299283028 1.649393559 -9.197381973 -0.757140994 -0.346326232 -0.491436929 0.255510241
1403636747113555456.000000 8.258007050 1.688953757 -9.192813873 -0.746868670 -0.350315154 -0.501889527 0.259949028
1403636747413555456.000000 8.249596596 1.749100924 -9.119682312 -0.735788286 -0.353997260 -0.519950092 0.250905454
1403636747613555456.000000 8.237406731 1.796189547 -9.077910423 -0.739861071 -0.350354820 -0.517882943 0.248302817
1403636748763555584.000000 8.197739601 2.093806267 -8.758993149 -0.747365415 -0.327819377 -0.518639922 0.254935622
1403636749463555584.000000 8.266070366 2.181913137 -8.616868973 -0.747306943 -0.319799811 -0.530131400 0.241290733
1403636749863555584.000000 8.305784225 2.186300039 -8.512796402 -0.736601591 -0.325451195 -0.541807115 0.240717083
1403636750063555584.000000 8.302450180 2.183906078 -8.497495651 -0.730894029 -0.326300025 -0.545101702 0.249372095
1403636750963555584.000000 8.162727356 2.096740723 -8.173798561 -0.734776556 -0.354384303 -0.522155583 0.248734221
1403636751963555584.000000 7.988317490 2.049041748 -7.734866142 -0.747604787 -0.361758947 -0.491701454 0.261624336
1403636752463555584.000000 8.013521194 2.060358524 -7.554461956 -0.713749588 -0.388988793 -0.506263435 0.288004726
1403636753313555456.000000 8.011912346 2.071825266 -7.388645172 -0.610602915 -0.544945061 -0.445770711 0.362612069
1403636753613555456.000000 7.960139275 2.084680319 -7.401269436 -0.588303268 -0.564432025 -0.423302650 0.395133644
1403636754063555584.000000 7.857485771 2.076869249 -7.395048618 -0.586943865 -0.560078740 -0.425984681 0.400432140
1403636754563555584.000000 7.703897476 2.018592358 -7.328053474 -0.580156982 -0.561642706 -0.433154255 0.400440812
1403636755063555584.000000 7.478291988 1.892736912 -7.317784786 -0.543722034 -0.599872589 -0.403230220 0.426526397
1403636755463555584.000000 7.272405624 1.741255283 -7.292541504 -0.548066676 -0.614720583 -0.383117706 0.418285161
1403636755963555584.000000 6.986030579 1.580119610 -7.264625072 -0.547683418 -0.605136752 -0.390818864 0.425573885
1403636756863555584.000000 6.432210922 1.291956544 -7.214858532 -0.540289283 -0.603313506 -0.393128335 0.435374051
1403636757263555584.000000 6.191505909 1.111841679 -7.174950600 -0.540049791 -0.604328156 -0.390324801 0.436784118
1403636757613555456.000000 5.981965065 0.932267129 -7.187043667 -0.537542224 -0.620869458 -0.381357908 0.424424022
1403636757813555456.000000 5.851787090 0.835970998 -7.167778015 -0.537354708 -0.636990726 -0.361935586 0.417726576
1403636757963555584.000000 5.749052525 0.780469000 -7.127358913 -0.534500003 -0.638900459 -0.355633199 0.423840910
1403636758363555584.000000 5.476999760 0.667891681 -7.044772148 -0.520553291 -0.624577940 -0.366041452 0.452703387
1403636758563555584.000000 5.348326206 0.607876122 -7.051904202 -0.543293178 -0.632372737 -0.333077580 0.440450519
1403636758763555584.000000 5.235498428 0.574310184 -7.062358379 -0.543981850 -0.628148317 -0.335079879 0.444111496
1403636759113555456.000000 5.080675602 0.557618737 -7.098735332 -0.529575527 -0.615968466 -0.356886148 0.461264461
1403636759713555456.000000 4.975831509 0.513792038 -7.236240864 -0.518854558 -0.622991025 -0.366920561 0.456115723
1403636760163555584.000000 4.965061188 0.450990975 -7.273243427 -0.529670417 -0.634424150 -0.351940334 0.439423889
1403636760313555456.000000 4.961894035 0.437171131 -7.288739681 -0.524097621 -0.625032783 -0.360520244 0.452416807
1403636760463555584.000000 4.961274624 0.423770994 -7.310491085 -0.518411875 -0.622869790 -0.368589193 0.455438703
1403636760613555456.000000 4.961263180 0.405061275 -7.336325169 -0.521222234 -0.630015850 -0.364062607 0.445943832
1403636760913555456.000000 4.952415943 0.370061904 -7.377336979 -0.514620483 -0.634164274 -0.370858669 0.442114770
1403636761063555584.000000 4.939855099 0.352085322 -7.397800446 -0.519474387 -0.636528432 -0.363298476 0.439308673
1403636761213555456.000000 4.922169685 0.337334454 -7.419467449 -0.528031766 -0.644777060 -0.349636436 0.428017914
1403636761363555584.000000 4.900295734 0.333153814 -7.433571815 -0.529513657 -0.645630121 -0.347114861 0.426952511
1403636761513555456.000000 4.875497818 0.340549618 -7.436346054 -0.521439373 -0.635903418 -0.359715462 0.440831721
1403636761763555584.000000 4.832716942 0.354631603 -7.431360722 -0.524725378 -0.620979667 -0.357413858 0.459677011
1403636761913555456.000000 4.814393520 0.359859139 -7.424085140 -0.528510749 -0.618032098 -0.352967471 0.462738276
1403636762113555456.000000 4.804235935 0.364703178 -7.407708168 -0.513567209 -0.630548716 -0.376601189 0.443653822
1403636762263555584.000000 4.792102814 0.363573164 -7.396219730 -0.514760315 -0.640238643 -0.376302421 0.428384006
1403636762413555456.000000 4.769332409 0.364256322 -7.398656368 -0.527177751 -0.643599689 -0.359524608 0.422617018
1403636762513555456.000000 4.749265194 0.369804621 -7.409495354 -0.536314249 -0.633212447 -0.346736819 0.437244296
1403636762613555456.000000 4.729514122 0.378817320 -7.427217007 -0.543535292 -0.617037117 -0.336056709 0.459239125
1403636762713555456.000000 4.715916634 0.390451998 -7.452290535 -0.540615082 -0.610821724 -0.339715928 0.468215048
1403636762813555456.000000 4.709446430 0.403320193 -7.484645367 -0.531798661 -0.616189897 -0.352269620 0.461959183
1403636762913555456.000000 4.716839314 0.398529202 -7.482777596 -0.516028583 -0.595754862 -0.375155002 0.487903059
1403636763113555456.000000 4.746826649 0.370055825 -7.497575283 -0.551076949 -0.587261736 -0.374121666 0.459859520
1403636763213555456.000000 4.750750065 0.364309281 -7.499052525 -0.556969166 -0.577265382 -0.378659725 0.461699963
1403636763613555456.000000 4.755561352 0.353913635 -7.507985115 -0.560975492 -0.578789413 -0.373093665 0.459467590
1403636763713555456.000000 4.756996155 0.349597752 -7.508459568 -0.561061323 -0.578689933 -0.372954309 0.459601253
1403636763813555456.000000 4.758772850 0.345120162 -7.508268356 -0.561137259 -0.578573942 -0.372839034 0.459748149
