1403636579763555840.000000 0.000000000 0.000000000 0.000000000 -0.000000000 -0.000000000 -0.000000000 1.000000000
1403636579913555712.000000 0.000052652 0.010632000 0.004032684 -0.006012889 0.005691024 -0.002888445 0.999961555
1403636579963555584.000000 -0.000041298 0.015136785 0.005341358 -0.012187916 0.005633335 -0.003006035 0.999905348
1403636580213555456.000000 -0.000635090 0.038645349 0.012010117 -0.027697865 0.004594110 0.003137959 0.999600887
1403636580313555456.000000 -0.000896165 0.046480913 0.013825363 -0.034103416 0.004618062 -0.000064612 0.999407649
1403636580413555712.000000 -0.001177897 0.052938249 0.014842482 -0.047306690 0.003586310 -0.001971233 0.998872042
1403636580513555456.000000 -0.001515556 0.056589633 0.015159657 -0.064606659 0.002997754 -0.002638849 0.997902811
1403636580763555840.000000 -0.002248316 0.040205851 0.010766128 -0.063325182 0.003884372 -0.006035780 0.997967184
1403636584013555456.000000 0.002721754 0.051214576 0.014684009 -0.064495437 0.027249245 -0.011497700 0.997479677
1403636586563555840.000000 0.001718595 0.020903662 -0.007458899 -0.202364177 0.042855375 0.013134645 0.978284061
1403636587963555584.000000 0.051336709 0.014641981 0.002314520 -0.189988241 0.055551242 0.027611211 0.979824603
1403636588163555584.000000 0.061822891 0.015812870 0.003273231 -0.205931127 0.066247225 0.030214578 0.975853860
1403636588863555584.000000 0.050220083 0.017144352 0.000489423 -0.202871114 0.053944167 0.030895248 0.977230191
1403636589713555456.000000 -0.023055915 0.018485511 -0.007598686 -0.192090824 0.016856857 0.010422831 0.981177032
1403636589913555712.000000 -0.038474012 0.020860728 -0.008741867 -0.200680837 0.000851917 0.007316429 0.979629040
1403636590013555456.000000 -0.044409078 0.022018382 -0.009153901 -0.201843187 -0.008396272 0.007866201 0.979350269
1403636590113555456.000000 -0.048678380 0.022170089 -0.009595525 -0.196152017 -0.014631718 0.006877789 0.980440199
1403636590613555456.000000 -0.036286160 0.020288354 -0.011999590 -0.187888443 0.001015077 0.001541418 0.982188702
1403636590863555584.000000 -0.016268782 0.019515205 -0.011535071 -0.194118872 0.012828716 0.007071739 0.980868638
1403636591013555456.000000 -0.002706084 0.019365329 -0.010472859 -0.198304564 0.016459431 0.009124287 0.979959786
1403636591263555840.000000 0.017753191 0.018989349 -0.008134764 -0.198447570 0.016920241 0.014347784 0.979860425
1403636591463555584.000000 0.028841658 0.020374371 -0.005622058 -0.201756388 0.024321044 0.018615769 0.978956759
1403636591563555840.000000 0.032593250 0.021372307 -0.003812899 -0.197221920 0.032856558 0.019249080 0.979619026
1403636591663555584.000000 0.035342157 0.022065878 -0.001580870 -0.181963161 0.047856640 0.020665843 0.981922626
1403636591863555584.000000 0.038095754 0.021783585 0.001731207 -0.141780257 0.070149489 0.017962983 0.987246037
1403636592363555584.000000 0.048097633 0.016962722 0.017907627 -0.167612478 0.101531327 0.045865640 0.979537547
1403636592813555456.000000 0.032917667 0.009288428 0.041676685 -0.152661279 0.026792208 0.016817989 0.987772167
1403636592963555584.000000 0.018722005 0.009510080 0.044111911 -0.159877047 -0.017252216 0.006570825 0.986964285
1403636593063555840.000000 0.007699687 0.010721372 0.042346470 -0.165204242 -0.046196282 -0.001423893 0.985175848
1403636593163555584.000000 -0.004154101 0.012315484 0.037590705 -0.167732432 -0.071975246 -0.008261728 0.983166933
1403636593663555584.000000 -0.029912706 0.027063409 -0.002049610 -0.189231098 -0.089570582 0.002524235 0.977835536
1403636593813555456.000000 -0.022398444 0.031939089 -0.012246841 -0.197958648 -0.049585529 0.020990560 0.978730321
1403636593963555584.000000 -0.009544029 0.034515999 -0.019194260 -0.186179966 0.008125875 0.043727007 0.981508493
1403636594113555456.000000 0.006127136 0.034834545 -0.022472877 -0.173950523 0.066300198 0.060926300 0.980629146
1403636594263555840.000000 0.022559132 0.034004759 -0.019254202 -0.174649075 0.110029936 0.073256306 0.975717485
1403636594563555840.000000 0.051639948 0.027234906 0.002094205 -0.157020077 0.141274393 0.063397668 0.975380480
1403636594713555456.000000 0.056372929 0.022815162 0.015244557 -0.146476328 0.135306478 0.064001620 0.977824450
1403636594863555584.000000 0.049551487 0.020223260 0.026392613 -0.140378311 0.108371034 0.053504966 0.982693732
1403636595013555456.000000 0.032101840 0.019409871 0.033419967 -0.135681137 0.058514643 0.030721245 0.988545835
1403636596063555840.000000 0.023217848 0.040419161 -0.008674456 -0.170182407 0.033746853 0.008684203 0.984796286
1403636596213555456.000000 0.027443238 0.043087341 -0.017268883 -0.173622265 0.061356198 0.022356994 0.982644856
1403636596413555712.000000 0.017224781 0.043876152 -0.031410564 -0.166201815 0.067574605 0.029508350 0.983331025
1403636596563555840.000000 0.006328902 0.044295698 -0.041904110 -0.158792704 0.063654058 0.020592442 0.985042632
1403636596713555456.000000 -0.001518001 0.045045864 -0.047767956 -0.160880253 0.061925601 0.017055649 0.984881639
1403636597263555840.000000 0.007592350 0.033845667 -0.008047683 -0.175071806 0.042860169 -0.003680004 0.983615458
1403636598463555584.000000 -0.001891851 0.042263817 -0.003315277 -0.188770711 -0.056345548 -0.059058432 0.978622973
1403636598613555456.000000 0.001346153 0.044009414 0.003501901 -0.173126251 -0.061204944 -0.059100803 0.981217802
1403636598763555840.000000 0.004091572 0.044801492 0.014017493 -0.144826174 -0.079676509 -0.056981523 0.984596431
1403636599113555456.000000 0.008340611 0.052394811 0.035287872 -0.075891964 -0.098158166 -0.046366159 0.991189003
1403636599713555456.000000 0.009910141 0.058833629 0.049119543 -0.008650639 -0.082716338 -0.032014269 0.996021211
1403636611663555584.000000 0.011080288 0.059212625 0.048928238 0.018762652 -0.086110994 -0.017751105 0.995950699
1403636621263555840.000000 0.011160385 0.059206273 0.048934031 0.019253768 -0.085861936 -0.018554274 0.995948195
1403636624313555456.000000 0.011324659 0.059124757 0.048903637 0.015497656 -0.081761070 -0.018502206 0.996359706
1403636624563555840.000000 0.013778307 0.059650026 0.047396455 -0.005560617 -0.073465616 -0.019970194 0.997082293
1403636624713555456.000000 0.016676990 0.060282096 0.045911487 -0.004106875 -0.068827480 -0.028207475 0.997221291
1403636624813555456.000000 0.019386528 0.060951725 0.044432387 -0.004277375 -0.065939978 -0.037644457 0.997104049
1403636624963555584.000000 0.024080940 0.060509022 0.040319700 -0.020049207 -0.058749598 -0.060892530 0.996212125
1403636625063555840.000000 0.026531154 0.058239035 0.036796555 -0.031896811 -0.056330405 -0.069558889 0.995475292
1403636625263555840.000000 0.028336065 0.049151313 0.030335572 -0.034877982 -0.061554700 -0.059118200 0.995740712
1403636625413555712.000000 0.028529475 0.045691349 0.028583672 -0.030443398 -0.065481946 -0.054554641 0.995896161
1403636625563555840.000000 0.028480625 0.047607355 0.029793641 -0.036192529 -0.066800229 -0.055417646 0.995568573
1403636625713555456.000000 0.027404228 0.045512017 0.031609349 -0.031461753 -0.068486482 -0.057006255 0.995525002
1403636627863555584.000000 0.045658141 -0.007338420 0.022190183 -0.033612523 -0.046804231 -0.040658571 0.997510135
1403636628063555840.000000 0.050541382 -0.006670966 0.023712771 -0.039672740 -0.028162271 -0.038929012 0.998056889
1403636628913555712.000000 0.076562390 -0.033102337 0.034307014 -0.020192856 -0.010543436 -0.023395034 0.999466717
1403636629113555456.000000 0.086872287 -0.037799582 0.037047442 -0.028556522 0.002088749 -0.023571959 0.999312043
1403636629713555456.000000 0.121822193 -0.043935187 0.058992699 -0.025179256 0.069669642 0.014000332 0.997154057
1403636629913555712.000000 0.137739182 -0.038771112 0.070936561 -0.036898233 0.113468029 0.024891015 0.992544174
1403636630063555840.000000 0.150471777 -0.037277266 0.081161633 -0.035151914 0.136336580 0.031024538 0.989552557
1403636630363555584.000000 0.175597489 -0.046565980 0.102445558 -0.007439568 0.156448647 0.032809701 0.987112999
1403636630663555584.000000 0.199289232 -0.062647268 0.120492376 -0.017547378 0.156765521 0.021836888 0.987238526
1403636632513555456.000000 0.313378781 -0.096380316 0.261818916 -0.015844325 0.141378418 0.020025188 0.989626229
1403636632863555584.000000 0.323431581 -0.094525650 0.292349428 -0.029000636 0.086851023 0.017032443 0.995653450
1403636633613555456.000000 0.350161850 -0.107893102 0.364772558 -0.032106508 0.025834305 -0.011446399 0.999084949
1403636633813555456.000000 0.357039392 -0.112229481 0.388912499 -0.032702252 0.031375378 -0.008497830 0.998936415
1403636634513555456.000000 0.394073814 -0.147680536 0.477549851 -0.010635518 0.034198005 -0.014084281 0.999259233
1403636634813555456.000000 0.411213368 -0.158377588 0.516691267 -0.009981504 0.018585127 -0.025797188 0.999444604
1403636634963555584.000000 0.418591082 -0.165148824 0.534907520 -0.016077660 0.008789542 -0.028931689 0.999413431
1403636635113555456.000000 0.425195158 -0.173608899 0.551943600 -0.019806389 0.002472622 -0.033731628 0.999231577
1403636635263555840.000000 0.430637300 -0.179844141 0.570491254 -0.023501936 -0.002423121 -0.032668997 0.999186933
1403636635613555456.000000 0.444026798 -0.194769964 0.615708888 -0.027683267 -0.009481536 -0.019338029 0.999384761
1403636635763555840.000000 0.450783312 -0.206329226 0.635101914 -0.021968778 -0.009292535 -0.015326718 0.999597967
1403636635913555712.000000 0.458219409 -0.221306354 0.653495073 -0.017029857 -0.011503738 -0.003897420 0.999781191
1403636636113555456.000000 0.470744282 -0.241273910 0.677879751 -0.032845687 -0.006075610 -0.014562793 0.999335885
1403636636263555840.000000 0.481104314 -0.257042557 0.697802961 -0.019894002 -0.002028690 -0.026477331 0.999449372
1403636636813555456.000000 0.516002834 -0.304788411 0.761743546 0.011932008 0.008075326 -0.059450213 0.998127282
1403636637063555840.000000 0.522991300 -0.309815049 0.785740018 0.000930140 -0.000944917 -0.042795792 0.999082983
1403636637263555840.000000 0.525719285 -0.309507161 0.803770125 -0.012984456 -0.006443336 -0.033684608 0.999327362
1403636637463555584.000000 0.527351677 -0.312673181 0.820453823 -0.020165706 -0.008527555 -0.035149727 0.999142230
1403636637613555456.000000 0.527755082 -0.318665087 0.831723392 -0.022503408 -0.010925868 -0.033293568 0.999132514
1403636638213555456.000000 0.528016746 -0.353678197 0.877970278 -0.005502949 -0.015697043 -0.033480663 0.999300957
1403636638363555584.000000 0.527922511 -0.354212195 0.891211510 -0.013330342 -0.018188603 -0.028298443 0.999345124
1403636638513555456.000000 0.528350711 -0.352199554 0.905030429 -0.042627010 -0.022723166 -0.014918911 0.998721242
1403636638713555456.000000 0.531566024 -0.353780895 0.925459921 -0.044590350 -0.019907990 -0.024890622 0.998496830
1403636639163555584.000000 0.542285383 -0.381184518 0.977788508 -0.023940941 -0.028571116 -0.004658411 0.999294221
1403636639363555584.000000 0.552164853 -0.384798467 1.005503654 -0.025276996 -0.026595363 -0.010498506 0.999271512
1403636639563555840.000000 0.565018892 -0.383944631 1.035470366 -0.021497196 -0.017801141 -0.037361838 0.998911977
1403636640563555840.000000 0.614467561 -0.411750644 1.154794693 -0.004208691 -0.053088509 -0.050190575 0.997318804
1403636640913555712.000000 0.627549827 -0.416750699 1.186542392 -0.009350493 -0.057464592 -0.052268498 0.996934533
1403636641663555584.000000 0.649637818 -0.421740651 1.241668820 -0.006537271 -0.054710709 -0.045059230 0.997463644
1403636641813555456.000000 0.654490113 -0.424677253 1.249772787 -0.005313558 -0.053274523 -0.047433022 0.997438550
1403636642113555456.000000 0.663300037 -0.438010722 1.262696743 -0.001090008 -0.036219902 -0.041414969 0.998484731
1403636642263555840.000000 0.667880177 -0.443159938 1.267059684 0.000730011 -0.026292868 -0.037788730 0.998939514
1403636643113555456.000000 0.690372527 -0.443680912 1.293410420 -0.017657276 0.003170544 -0.021687616 0.999603808
1403636643813555456.000000 0.711979449 -0.459194958 1.318329334 -0.039972540 -0.001077226 -0.025677243 0.998870254
1403636644413555712.000000 0.733558118 -0.481239974 1.371192455 -0.014037958 -0.008455086 -0.004220937 0.999856830
1403636644563555840.000000 0.741024137 -0.481841624 1.389786720 -0.001732178 -0.012541719 0.007581348 0.999891102
1403636644713555456.000000 0.751483381 -0.479094148 1.407802343 0.001688848 -0.008648454 -0.002279252 0.999958575
1403636645263555840.000000 0.795474768 -0.462471783 1.467521787 -0.061297044 0.005263436 -0.024834305 0.997796714
1403636645413555712.000000 0.806242645 -0.466706187 1.485984445 -0.051032085 0.006370264 -0.025269829 0.998356938
1403636645513555456.000000 0.813815713 -0.469971627 1.499721527 -0.043810088 0.006709394 -0.025393365 0.998694599
1403636645663555584.000000 0.824313581 -0.473296344 1.523352027 -0.038772590 0.007779590 -0.026970215 0.998853743
1403636646313555456.000000 0.871538758 -0.519613028 1.630805135 -0.006314451 0.059352290 0.018552449 0.998044729
1403636646463555584.000000 0.885727525 -0.530440331 1.656739116 0.006872099 0.099794127 0.030650863 0.994512200
1403636646613555456.000000 0.901121795 -0.539874792 1.678376913 0.014409256 0.130574331 0.030155055 0.990875065
1403636646813555456.000000 0.920567572 -0.557755649 1.703192592 0.008575716 0.152141139 0.031069241 0.987833083
1403636647113555456.000000 0.948935449 -0.583634377 1.730839729 -0.001884555 0.159129977 0.032099169 0.986733854
1403636647413555712.000000 0.975684702 -0.600176096 1.758287191 -0.002280352 0.154316589 0.034371696 0.987420797
1403636647563555840.000000 0.989793718 -0.605174303 1.770990372 0.007947606 0.148936734 0.037733477 0.988094568
1403636647763555840.000000 1.008422136 -0.613039792 1.784424305 0.010692568 0.150699317 0.038805678 0.987759829
1403636648313555456.000000 1.066906571 -0.617647052 1.809093952 0.005728809 0.243735418 0.066432945 0.967546880
1403636648663555584.000000 1.104627967 -0.603751898 1.818395853 0.005490370 0.326337039 0.093964092 0.940555573
1403636649413555712.000000 1.175975204 -0.623346210 1.811814070 -0.000260022 0.347912967 0.091158554 0.933084488
1403636649713555456.000000 1.201422334 -0.647818089 1.802019835 0.010057076 0.344210476 0.093869150 0.934134126
1403636649963555584.000000 1.219536185 -0.662399411 1.794810295 0.015011804 0.363219231 0.094138138 0.926814139
1403636650213555456.000000 1.236049771 -0.667685568 1.785115957 0.015044017 0.385823816 0.100360572 0.916974068
1403636651363555584.000000 1.280259132 -0.650037348 1.725351334 0.001036528 0.495860308 0.143064812 0.856536031
1403636651663555584.000000 1.282391667 -0.648053050 1.705683231 0.008772905 0.488130510 0.137404606 0.861841977
1403636651863555584.000000 1.282503843 -0.643487930 1.691777825 0.022003077 0.490943700 0.147976443 0.858250022
1403636652113555456.000000 1.280476093 -0.631018758 1.673439384 0.022389738 0.535309136 0.164297327 0.828220546
1403636652663555584.000000 1.273509502 -0.589429379 1.622818589 -0.019109277 0.645595849 0.226459131 0.729079723
1403636653213555456.000000 1.286941886 -0.575473189 1.569390893 -0.008771573 0.656414211 0.208098084 0.725078344
1403636653313555456.000000 1.292091012 -0.571841002 1.558678865 -0.001973027 0.655617952 0.198536843 0.728522003
1403636653813555456.000000 1.307325006 -0.568905294 1.516397715 0.007795039 0.646103501 0.184922323 0.740468264
1403636654013555456.000000 1.309486032 -0.564482868 1.502428293 0.008326879 0.644356787 0.188098773 0.741184115
1403636654563555840.000000 1.303812623 -0.551523089 1.462524652 0.001938818 0.689779699 0.209522352 0.693037212
1403636655263555840.000000 1.282934546 -0.537368059 1.415450931 0.016167723 0.728794873 0.215814933 0.649631202
1403636655363555584.000000 1.278946877 -0.533740878 1.410432577 0.019912979 0.733160615 0.217542976 0.644014001
1403636655463555584.000000 1.273112297 -0.530875087 1.405323744 0.022161381 0.738640904 0.219417825 0.637004256
1403636655563555840.000000 1.266276598 -0.526725233 1.400148273 0.020356480 0.745165884 0.226013079 0.627081752
1403636655963555584.000000 1.234765172 -0.502426624 1.378265619 0.010442520 0.773483217 0.267357469 0.574573338
1403636656063555840.000000 1.227441430 -0.494861007 1.372489452 0.012518498 0.783008516 0.270494431 0.559976518
1403636656213555456.000000 1.216728806 -0.486601979 1.360441923 0.006079748 0.792376578 0.272717565 0.545644045
1403636656263555840.000000 1.213260055 -0.484697700 1.357060194 0.004818073 0.794284225 0.273355126 0.542555392
1403636656363555584.000000 1.205859780 -0.481760055 1.348176718 0.002636075 0.796206355 0.275084406 0.538866580
1403636656463555584.000000 1.199320197 -0.481920540 1.338765144 0.001445736 0.796731949 0.276215792 0.537513673
1403636656863555584.000000 1.176834583 -0.478031516 1.297095060 0.013370923 0.802420259 0.245760277 0.543640375
1403636657063555840.000000 1.164436102 -0.469727188 1.280342340 0.020327944 0.801550925 0.239868432 0.547326267
1403636657163555584.000000 1.156890154 -0.464880645 1.272258520 0.024806166 0.799711704 0.241679907 0.549032509
1403636657263555840.000000 1.148381233 -0.459812164 1.264440775 0.026326220 0.797370076 0.246352613 0.550289273
1403636657463555584.000000 1.128445506 -0.451786637 1.248610497 0.021001831 0.791917145 0.263340771 0.550525069
1403636657663555584.000000 1.107579708 -0.441001475 1.231030107 0.016449185 0.788962901 0.272650003 0.550389826
1403636657913555712.000000 1.081401825 -0.422559083 1.208446264 0.023257932 0.789578021 0.282520920 0.544249654
1403636658013555456.000000 1.070508957 -0.415978014 1.198041677 0.022512408 0.789621115 0.286955625 0.541893125
1403636658213555456.000000 1.049515724 -0.405757904 1.172790170 0.006665922 0.795831561 0.278493106 0.537633061
1403636658413555712.000000 1.030567050 -0.392738998 1.144106865 -0.005007739 0.799286187 0.272721678 0.535480559
1403636658563555840.000000 1.017598867 -0.382281423 1.124858856 -0.014921763 0.802028358 0.267259657 0.533947706
1403636658663555584.000000 1.010090470 -0.375206888 1.111985683 -0.019506248 0.803360045 0.264233619 0.533303618
1403636658763555840.000000 1.003611684 -0.367298424 1.099201679 -0.021162311 0.805062830 0.259129584 0.533177137
1403636659013555456.000000 0.990540743 -0.347950339 1.072939277 -0.008563862 0.808946669 0.248523086 0.532699049
1403636659113555456.000000 0.986046314 -0.339450359 1.064319611 -0.000776650 0.809835613 0.245560631 0.532790482
1403636659213555456.000000 0.981457829 -0.330521226 1.056625605 0.003257198 0.810238242 0.243783534 0.532984972
1403636659313555456.000000 0.976090431 -0.322479606 1.050072908 0.002410549 0.809526563 0.246175364 0.532971442
1403636659413555712.000000 0.969122529 -0.315033495 1.043478966 -0.002705737 0.807329059 0.251859009 0.533647418
1403636659513555456.000000 0.963397741 -0.308809221 1.037454128 -0.008059178 0.806195080 0.255383223 0.533632755
1403636659813555456.000000 0.948018312 -0.292942941 1.021205187 -0.005187152 0.809836090 0.250162125 0.530619919
1403636659913555712.000000 0.943248272 -0.286033809 1.017484903 -0.005348330 0.809978306 0.252114505 0.529475987
1403636660013555456.000000 0.938003898 -0.277676165 1.015101910 -0.010345162 0.808745086 0.258520842 0.528196454
1403636660113555456.000000 0.933897495 -0.269950628 1.012953281 -0.015742265 0.807018518 0.265796363 0.527091682
1403636660513555456.000000 0.924910307 -0.239901274 1.007908106 -0.033744000 0.799949229 0.287785798 0.525473177
1403636660713555456.000000 0.929835796 -0.228176847 1.004459858 -0.022915797 0.808657646 0.261941552 0.526245594
1403636660913555712.000000 0.937153935 -0.213502377 1.004859686 -0.024786394 0.816098750 0.237093255 0.526455343
1403636661013555456.000000 0.941162705 -0.205734566 1.007097840 -0.019260118 0.815623224 0.237661690 0.527166843
1403636661213555456.000000 0.949183106 -0.190360174 1.015773058 -0.005439786 0.814450860 0.241465598 0.527574360
1403636661313555456.000000 0.953007698 -0.183273628 1.021066189 -0.002093989 0.813929677 0.242946804 0.527722478
1403636661513555456.000000 0.958546281 -0.174675897 1.032544374 -0.000906008 0.813107729 0.244535729 0.528258622
1403636661613555456.000000 0.960832655 -0.173787609 1.038734794 -0.000101185 0.811349928 0.249263823 0.528752208
1403636662213555456.000000 0.961016059 -0.188770100 1.069711089 0.009733853 0.810081124 0.248145118 0.531128943
1403636662313555456.000000 0.958450198 -0.191282362 1.074597359 0.000230040 0.811398447 0.245716959 0.530335426
1403636662813555456.000000 0.947856188 -0.194260299 1.108960748 0.015999019 0.803419173 0.277495384 0.526553035
1403636662913555712.000000 0.946465254 -0.191793934 1.115266800 0.013540624 0.802228034 0.281558484 0.526280940
1403636663113555456.000000 0.943516850 -0.186855376 1.125570536 0.016424108 0.796877861 0.298116475 0.525207162
1403636663463555584.000000 0.941596627 -0.174680337 1.130572081 -0.030476658 0.802269936 0.285523713 0.523364365
1403636663863555584.000000 0.962041616 -0.153398931 1.136257529 -0.056059271 0.806616783 0.267131895 0.524277985
1403636664113555456.000000 0.989674926 -0.151918977 1.142567873 -0.048658811 0.812416434 0.239716858 0.529289782
1403636664213555456.000000 1.002891898 -0.154136196 1.147495270 -0.034393735 0.811691642 0.238071099 0.532255471
1403636664313555456.000000 1.016804338 -0.156226948 1.153304577 -0.021966018 0.810321093 0.236692637 0.535606027
1403636664413555712.000000 1.030445337 -0.155724764 1.161525488 -0.015033606 0.808530509 0.235776618 0.538945198
1403636664563555840.000000 1.050831199 -0.152524680 1.176696301 -0.007383766 0.805231392 0.235598564 0.544096649
1403636664713555456.000000 1.069820523 -0.150448456 1.193283558 0.005281783 0.799557269 0.241229042 0.549989820
1403636664863555584.000000 1.086882472 -0.152026862 1.209680438 -0.003697018 0.796741784 0.240578026 0.554356575
1403636665213555456.000000 1.124149442 -0.165391952 1.246892929 -0.007886614 0.785181701 0.260039151 0.561967313
1403636665663555584.000000 1.171220303 -0.192673415 1.288715601 -0.017698085 0.790769517 0.247375906 0.559620976
1403636666313555456.000000 1.234469533 -0.231194735 1.356059551 0.014415638 0.794798136 0.246949404 0.554169714
1403636666463555584.000000 1.245221972 -0.234953791 1.372932434 0.020982657 0.791998386 0.251777023 0.555793643
1403636666613555456.000000 1.253627777 -0.241236210 1.388135433 0.011891108 0.789763749 0.255328029 0.557619333
1403636667363555584.000000 1.299372077 -0.266393214 1.444668293 -0.000670195 0.790015101 0.240356937 0.564007401
1403636667663555584.000000 1.317335963 -0.267463803 1.467030048 -0.005823802 0.780704260 0.264796853 0.565994322
1403636668063555840.000000 1.343775153 -0.277949929 1.490139723 -0.000249419 0.781283617 0.268289804 0.563574731
1403636668413555712.000000 1.370523691 -0.274489641 1.510996342 -0.014054928 0.788956702 0.262237757 0.555500805
1403636668713555456.000000 1.397844791 -0.266949266 1.530529737 -0.016950438 0.794726729 0.257095963 0.549566925
1403636669363555584.000000 1.461778522 -0.273806214 1.587459326 -0.000647994 0.802446187 0.240668118 0.546038985
1403636669513555456.000000 1.475155473 -0.275507063 1.605249405 0.004396064 0.803881526 0.235785261 0.546040773
1403636669663555584.000000 1.485671401 -0.277446061 1.624456525 0.012015778 0.806801081 0.223622203 0.546736479
1403636669813555456.000000 1.493978500 -0.281905979 1.644634247 0.025932943 0.805501521 0.222975865 0.548430979
1403636669963555584.000000 1.498095155 -0.289840966 1.665288687 0.052507758 0.792918563 0.253686011 0.551512897
1403636670113555456.000000 1.497343659 -0.296961069 1.683520555 0.059106685 0.785138369 0.270760953 0.553852558
1403636670263555840.000000 1.493902326 -0.305217266 1.695882320 0.082191482 0.777469695 0.272058636 0.561043262
1403636670413555712.000000 1.485766053 -0.309905112 1.704415202 0.095919609 0.766873777 0.276331186 0.571266234
1403636671063555840.000000 1.394385219 -0.318872482 1.661253691 0.114665225 0.663120389 0.261392057 0.691951871
1403636671913555712.000000 1.212063193 -0.287973672 1.421664119 -0.060617708 0.571491361 0.211523816 0.790557265
1403636672463555584.000000 1.171978474 -0.287480175 1.299187899 -0.085151315 0.595454395 0.158808544 0.782919645
1403636673013555456.000000 1.168638945 -0.262891650 1.257994652 -0.027763600 0.571136951 0.166962758 0.803215623
1403636673413555712.000000 1.169791698 -0.258157611 1.248259068 -0.065081842 0.528961658 0.168974057 0.829102874
1403636673963555584.000000 1.200296044 -0.265400797 1.271450043 -0.027499137 0.528131127 0.137677744 0.837476075
1403636674563555840.000000 1.229833364 -0.270625859 1.332274199 0.004076251 0.501408100 0.164660871 0.849388063
1403636676513555456.000000 1.399068356 -0.275134534 1.576032639 -0.032819338 0.306662887 0.046534952 0.950113297
1403636676763555840.000000 1.411354303 -0.286207438 1.615924478 -0.019275028 0.259531647 0.057547260 0.963825822
1403636677013555456.000000 1.423131227 -0.301205009 1.654873729 -0.013502995 0.238560468 0.064953245 0.968858957
1403636678513555456.000000 1.452753186 -0.348958760 1.829765558 -0.013822179 0.023877453 -0.017054597 0.999473870
1403636678713555456.000000 1.457516551 -0.359713584 1.841451526 -0.012357215 -0.017005574 -0.041756004 0.998906672
1403636678913555712.000000 1.460689068 -0.365955561 1.853246093 -0.011885640 -0.053930935 -0.089316390 0.994471133
1403636679363555584.000000 1.447239161 -0.368229926 1.878334880 0.001032193 -0.167705119 -0.086028107 0.982075930
1403636679663555584.000000 1.436499000 -0.375086129 1.884302855 -0.006391868 -0.230729282 -0.100221008 0.967821717
1403636680213555456.000000 1.425021052 -0.407498747 1.876044035 0.019336149 -0.234755784 -0.143819913 0.961161673
1403636680363555584.000000 1.420661449 -0.413985789 1.868436575 0.022674244 -0.228924721 -0.151201203 0.961362362
1403636680513555456.000000 1.413189888 -0.415831119 1.858192086 0.016262557 -0.220377401 -0.161775976 0.961768150
1403636680663555584.000000 1.402380109 -0.415225744 1.845604181 0.011342921 -0.218946561 -0.153963774 0.963446379
1403636681363555584.000000 1.335278153 -0.386514932 1.781013012 -0.013205892 -0.227866933 -0.117716201 0.966460109
1403636681663555584.000000 1.302774429 -0.379767805 1.756331563 -0.002969584 -0.232922018 -0.115752570 0.965577483
1403636681813555456.000000 1.286702275 -0.374226958 1.743522048 -0.000763668 -0.234275177 -0.119000934 0.964859247
1403636681963555584.000000 1.270149231 -0.369140029 1.729984879 0.000579125 -0.237471610 -0.117273360 0.964289367
1403636682263555840.000000 1.237512827 -0.366153151 1.697509050 -0.008847957 -0.242766067 -0.111193053 0.963650644
1403636682413555712.000000 1.221843958 -0.362661779 1.681711555 -0.024362531 -0.241623044 -0.112654231 0.963500857
1403636682963555584.000000 1.163973212 -0.343894452 1.626962185 0.005261672 -0.231189340 -0.114794545 0.966098368
1403636683113555456.000000 1.148615122 -0.341339141 1.609551191 0.005364316 -0.230051816 -0.117525332 0.966040969
1403636683263555840.000000 1.133319736 -0.335963070 1.591799498 0.000997333 -0.233161345 -0.113221072 0.965823889
1403636683413555712.000000 1.117746234 -0.327108204 1.573229909 -0.001000090 -0.236664191 -0.110667452 0.965267718
1403636683913555712.000000 1.068155050 -0.293601900 1.513319373 -0.018289739 -0.243290246 -0.111207746 0.963383734
1403636684063555840.000000 1.054000974 -0.287900150 1.494911194 -0.013940438 -0.246392637 -0.109932818 0.962814212
1403636684213555456.000000 1.040069342 -0.285975486 1.475074649 -0.010137161 -0.249445245 -0.109697551 0.962102234
1403636684813555456.000000 0.992518902 -0.268340230 1.402023911 -0.000066239 -0.259171307 -0.100289188 0.960610390
1403636685263555840.000000 0.969937027 -0.242088452 1.348815560 -0.005953580 -0.246270642 -0.122446686 0.961416721
1403636685463555584.000000 0.959298313 -0.236424655 1.321500421 -0.008249488 -0.241291985 -0.122214757 0.962690890
1403636685663555584.000000 0.947565913 -0.227113962 1.295208097 -0.008761381 -0.240052849 -0.116906002 0.963654995
1403636686063555840.000000 0.922314286 -0.198680729 1.245003939 -0.011144587 -0.241497234 -0.112971887 0.963738680
1403636688113555456.000000 0.813158333 -0.102424458 1.044435978 -0.003377938 -0.248489305 -0.114409804 0.961848259
1403636688313555456.000000 0.806831598 -0.086794488 1.029656649 -0.005084011 -0.249541238 -0.111834481 0.961871326
1403636688513555456.000000 0.801862955 -0.072843045 1.013285041 -0.006768639 -0.249420896 -0.113338940 0.961715996
1403636689013555456.000000 0.781750202 -0.031706594 0.973845661 -0.013428866 -0.260682076 -0.125552103 0.957131803
1403636689163555584.000000 0.772792220 -0.024310108 0.959853530 -0.020073367 -0.272060812 -0.121515557 0.954365790
1403636689313555456.000000 0.763394952 -0.020748608 0.945809722 -0.025348352 -0.280126363 -0.123003833 0.951712549
1403636689463555584.000000 0.753343761 -0.020181868 0.932397306 -0.024500847 -0.285061717 -0.123546936 0.950197697
1403636689813555456.000000 0.728671551 -0.027870558 0.905513048 -0.048004717 -0.290895253 -0.111231916 0.949053764
1403636689963555584.000000 0.718653619 -0.031247444 0.899147868 -0.047737621 -0.293836892 -0.096266821 0.949796677
1403636690163555584.000000 0.706714511 -0.034050003 0.896978498 -0.044525336 -0.286971360 -0.108082823 0.950780272
1403636690313555456.000000 0.699102759 -0.037894305 0.898064494 -0.041255672 -0.282680601 -0.117102362 0.951144934
1403636690463555584.000000 0.690450966 -0.044781864 0.901336551 -0.038721081 -0.281530738 -0.117638662 0.951526284
1403636690663555584.000000 0.678968549 -0.053032499 0.908549964 -0.039129145 -0.287873507 -0.097614229 0.951876700
1403636690813555456.000000 0.671591938 -0.056141626 0.918059707 -0.036530565 -0.297024488 -0.069726646 0.951619804
1403636690963555584.000000 0.667280912 -0.055763260 0.931534469 -0.019963652 -0.303251505 -0.051486760 0.951309204
1403636691063555840.000000 0.667880595 -0.056783952 0.941832542 -0.002239416 -0.306787163 -0.043524090 0.950779855
1403636691263555840.000000 0.678047299 -0.062342700 0.960767150 0.027547710 -0.301819295 -0.065136693 0.950738430
1403636691413555712.000000 0.692763329 -0.069666103 0.971474707 0.025494184 -0.295662344 -0.092599429 0.950452089
1403636691663555584.000000 0.724948287 -0.087104492 0.981925130 -0.001705205 -0.296102017 -0.111366786 0.948640168
1403636691863555584.000000 0.751065373 -0.102380082 0.988447189 -0.005400137 -0.293038309 -0.125907883 0.947758734
1403636692063555840.000000 0.776593864 -0.113344088 0.994937718 0.001315183 -0.297039449 -0.113454580 0.948100209
1403636692313555456.000000 0.809916377 -0.129444584 0.999647856 -0.001156003 -0.291218042 -0.124918617 0.948465109
1403636692563555840.000000 0.841424227 -0.152492985 0.999648213 -0.003762329 -0.286341012 -0.130442455 0.949199378
1403636692813555456.000000 0.871190131 -0.178125054 0.995871544 -0.009171824 -0.276586294 -0.147937074 0.949489594
1403636693113555456.000000 0.898056984 -0.202337340 0.990109205 -0.013576080 -0.275845230 -0.149606690 0.949390829
1403636693463555584.000000 0.917263567 -0.219073698 0.984812975 -0.039927568 -0.283985466 -0.135388792 0.948381782
1403636693913555712.000000 0.927133203 -0.231619880 0.995530605 -0.032665253 -0.288850546 -0.129531503 0.948008418
1403636694213555456.000000 0.926274896 -0.238639399 1.012290001 -0.003621337 -0.293342263 -0.122403100 0.948132217
1403636694513555456.000000 0.927270889 -0.248160318 1.024445891 -0.014829054 -0.292313427 -0.126252234 0.947836161
1403636695163555584.000000 0.929501593 -0.251394778 1.055748701 -0.018296765 -0.289549291 -0.113228410 0.950266182
1403636695463555584.000000 0.934508264 -0.259461224 1.070098042 -0.011419409 -0.281494647 -0.122413710 0.951653957
1403636695913555712.000000 0.940061092 -0.267222017 1.087566733 -0.008860873 -0.275561333 -0.125428334 0.953024209
1403636696213555456.000000 0.941992283 -0.263422161 1.098452210 -0.022452092 -0.269661099 -0.133102551 0.953447759
1403636697313555456.000000 0.939603150 -0.250473469 1.105450273 0.006351969 -0.258281052 -0.151885152 0.954034328
1403636697913555712.000000 0.911979377 -0.262357414 1.066579700 -0.013115276 -0.206064478 -0.111572541 0.972068429
1403636698613555456.000000 0.865508735 -0.239477590 1.029457688 -0.016105756 -0.104231648 -0.073241703 0.991721749
1403636699013555456.000000 0.834736943 -0.214638159 1.017140150 -0.018690404 0.000143859 -0.026734332 0.999467850
1403636699663555584.000000 0.796217620 -0.206989616 0.995895565 -0.019601086 0.166044459 0.068935871 0.983510494
1403636700913555712.000000 0.817352593 -0.137578487 0.977902174 -0.004157228 0.291293502 0.084519260 0.952883661
1403636702313555456.000000 0.890350401 -0.115915939 0.947127700 -0.008916327 0.366802573 0.111574374 0.923540771
1403636703063555840.000000 0.938614547 -0.062186331 0.962858677 -0.026554635 0.394040436 0.115273595 0.911448836
1403636703613555456.000000 0.981369078 -0.054821074 0.977674007 -0.009666737 0.391418546 0.111486644 0.913383186
1403636704113555456.000000 1.019562125 -0.054789931 0.984302461 -0.001558879 0.382196695 0.117811173 0.916539013
1403636704513555456.000000 1.050301552 -0.047656432 0.990049124 -0.025895691 0.380675703 0.111871362 0.917551219
1403636704913555712.000000 1.087104321 -0.048404366 1.003324509 -0.049321920 0.375884444 0.115866795 0.918070376
1403636705263555840.000000 1.127354503 -0.045970529 1.033128023 -0.028229959 0.377968997 0.099148110 0.920060933
1403636705613555456.000000 1.167866468 -0.053738952 1.069926739 -0.032870036 0.376894563 0.102900974 0.919935584
1403636706013555456.000000 1.215119243 -0.061125010 1.122888565 -0.003912551 0.371675372 0.115473181 0.921145022
1403636706363555584.000000 1.257047772 -0.070578828 1.162888050 -0.006746273 0.372667998 0.099910989 0.922545910
1403636706763555840.000000 1.303597331 -0.075683177 1.207312346 -0.025770167 0.374250680 0.094207108 0.922169983
1403636707163555584.000000 1.346654177 -0.097741425 1.256766796 -0.022790791 0.382598579 0.096062094 0.918624520
1403636707963555584.000000 1.427391052 -0.166071206 1.370853901 -0.018487629 0.381112784 0.117914453 0.916791916
1403636708413555712.000000 1.478546858 -0.174507424 1.447222233 0.003985887 0.369006753 0.125208795 0.920945644
1403636708763555840.000000 1.523105502 -0.181307718 1.497468591 0.002861052 0.378797024 0.101780251 0.919861615
1403636709063555840.000000 1.556068659 -0.184687063 1.534631848 0.005644393 0.394064873 0.084334821 0.915187836
1403636709363555584.000000 1.578076959 -0.196744800 1.567026138 -0.007430276 0.399467438 0.090687610 0.912220597
1403636710463555584.000000 1.599260211 -0.227036297 1.710258126 0.000237799 0.367892921 0.108340472 0.923535109
1403636711013555456.000000 1.593241692 -0.222918302 1.782831192 -0.005193285 0.292949080 0.061618757 0.954126298
1403636711263555840.000000 1.588177681 -0.227435187 1.809564590 -0.005677857 0.276341677 0.043204203 0.960071087
1403636711513555456.000000 1.579079628 -0.236871153 1.832888007 0.018126924 0.270809472 0.048369683 0.961246133
1403636711813555456.000000 1.560025573 -0.246189594 1.853268147 0.022163268 0.279196143 0.043250732 0.959003508
1403636712063555840.000000 1.536452293 -0.256167203 1.862573981 0.011706727 0.272250354 0.075687021 0.959173679
1403636712713555456.000000 1.469478965 -0.294351637 1.857726574 0.022607757 0.223906949 0.033258997 0.973780513
1403636713413555712.000000 1.377021194 -0.312316895 1.816996098 0.006786305 0.207130060 0.041669130 0.977402031
1403636713763555840.000000 1.330321193 -0.328548849 1.782825232 0.001728877 0.205351457 0.062400892 0.976695418
1403636714163555584.000000 1.288174987 -0.330182195 1.740842938 -0.003407777 0.216671288 0.054183025 0.974733889
1403636714613555456.000000 1.248072147 -0.313771665 1.697409391 -0.019686088 0.206754759 0.061285805 0.976273060
1403636715113555456.000000 1.215934634 -0.311057985 1.652223706 -0.033134859 0.110868409 0.007149450 0.993256867
1403636716763555840.000000 1.170481801 -0.298647791 1.548763275 -0.003732832 0.089553908 0.005069118 0.995962083
1403636717563555840.000000 1.153521061 -0.275187999 1.475980401 -0.007016509 -0.012449656 -0.058014050 0.998213470
1403636718113555456.000000 1.122406125 -0.252929032 1.423810959 -0.008322416 -0.056473762 -0.070152082 0.995901704
1403636718663555584.000000 1.069131732 -0.222586647 1.373199224 -0.017124362 -0.149544463 -0.061845232 0.986670375
1403636719063555840.000000 1.038753033 -0.193157077 1.346856833 -0.010491227 -0.166003138 -0.086395852 0.982277274
1403636719613555456.000000 1.000586390 -0.168621138 1.303486109 0.002037324 -0.164280444 -0.073908165 0.983638823
1403636719963555584.000000 0.983423114 -0.154015273 1.270738125 -0.012757965 -0.154306248 -0.070858799 0.985396326
1403636720863555584.000000 0.956729352 -0.118528739 1.204447150 -0.016202712 -0.147411257 -0.067377411 0.986644685
1403636721863555584.000000 0.961194396 -0.095943227 1.152194977 -0.005456328 -0.037470579 -0.036297508 0.998623371
1403636722513555456.000000 0.965619445 -0.079666674 1.110498190 -0.006367007 -0.034553990 -0.039133612 0.998616099
1403636723213555456.000000 0.960774779 -0.065014116 1.062465549 -0.007326209 -0.024901606 -0.034139000 0.999080002
1403636723913555712.000000 0.949699938 -0.054678872 1.010601282 -0.006850204 0.021339091 -0.017399613 0.999597430
1403636724663555584.000000 0.936753869 -0.032539766 0.964093328 -0.008333446 0.117688559 0.009912970 0.992966115
1403636727913555712.000000 0.895696938 -0.114626095 0.790298223 -0.004033850 0.101345576 -0.012263673 0.994767547
1403636728763555840.000000 0.852815747 -0.123039700 0.732371509 -0.001336737 0.079804517 0.004063995 0.996801376
1403636729563555840.000000 0.811464489 -0.108315527 0.668190956 0.000769358 0.029766379 -0.022783058 0.999296963
1403636730363555584.000000 0.761700690 -0.089969672 0.594820380 -0.015234017 0.027813982 -0.017595265 0.999342144
1403636731563555840.000000 0.707737207 -0.085341178 0.541190863 -0.008117243 0.026159573 -0.004448434 0.999614954
1403636732363555584.000000 0.711432278 -0.048781939 0.529105604 -0.002317595 0.025918832 -0.015457103 0.999541879
1403636733213555456.000000 0.693938434 -0.036641199 0.475771010 0.001884525 0.026370164 -0.031612381 0.999150515
1403636734813555456.000000 0.596183777 -0.030531516 0.321423024 -0.019760145 0.014568579 -0.023625953 0.999419391
1403636735713555456.000000 0.545351207 -0.025259234 0.266500592 -0.017983256 0.023681102 -0.013727684 0.999463558
1403636736763555840.000000 0.498272896 -0.046564631 0.228728920 -0.004647994 -0.020718100 -0.054369379 0.998295128
1403636737463555584.000000 0.454549074 -0.026029851 0.203839228 -0.013753600 -0.043666974 -0.040024038 0.998149395
1403636739163555584.000000 0.416304082 -0.052225530 0.181048214 -0.008567965 0.098070793 0.037143845 0.994449139
1403636739813555456.000000 0.447195411 -0.033799045 0.189476699 -0.006392459 0.238479450 0.066258691 0.968863547
1403636740263555840.000000 0.465896159 -0.016923428 0.194065839 -0.009328071 0.244491845 0.049865700 0.968323410
1403636740763555840.000000 0.481898248 0.010825220 0.201815218 -0.006946003 0.229266763 0.059901603 0.971493900
1403636741263555840.000000 0.496557921 0.044145953 0.206179827 0.002981639 0.245095864 0.049217910 0.968244135
1403636742063555840.000000 0.511074841 0.098791867 0.211215883 -0.020842569 0.253749758 0.050438620 0.965729058
1403636743163555584.000000 0.531952143 0.131167248 0.239655703 -0.026314704 0.241288498 0.071238242 0.967477381
1403636743763555840.000000 0.561152816 0.146204367 0.273972124 -0.018854868 0.257598639 0.067509130 0.963706374
1403636744563555840.000000 0.606968820 0.204541072 0.349585474 0.010523864 0.288584262 0.096434832 0.952527523
1403636745113555456.000000 0.636449933 0.268498480 0.385450691 -0.009438326 0.287384480 0.081621401 0.954284549
1403636745813555456.000000 0.669847310 0.292515486 0.408935428 0.005410661 0.290392190 0.069371633 0.954374492
1403636746563555840.000000 0.667562366 0.264132977 0.411727190 0.007919802 0.315310180 0.069969811 0.946372569
1403636748013555456.000000 0.630553663 0.201248780 0.448609740 0.000266971 0.307768881 0.104093961 0.945749819
1403636748563555840.000000 0.626617849 0.171144098 0.465146244 -0.007717474 0.319774479 0.080587678 0.944028795
1403636749213555456.000000 0.630658150 0.137531638 0.479600519 0.010242173 0.320214748 0.116516456 0.940096557
1403636750013555456.000000 0.645890117 0.101989344 0.473692775 0.020006966 0.328137189 0.076346055 0.941327274
1403636751863555584.000000 0.581822097 -0.022232246 0.398934156 -0.019162510 0.281602114 0.100437276 0.954067826
1403636752963555584.000000 0.582665443 -0.088775776 0.378040731 -0.009728084 0.146235228 0.013416065 0.989111066
1403636753813555456.000000 0.561044097 -0.089436911 0.375051558 -0.004704219 0.009567181 -0.032002680 0.999430954
1403636754913555712.000000 0.490319550 -0.090962142 0.339317650 0.003311944 -0.033514861 -0.053441972 0.998002887
1403636755513555456.000000 0.433489293 -0.079115786 0.295929790 -0.022447238 -0.057324748 -0.059979200 0.996299386
1403636756163555584.000000 0.362521559 -0.069187433 0.253157467 -0.004489575 -0.054584846 -0.053592108 0.997059822
1403636756613555456.000000 0.311469376 -0.062446997 0.220187113 -0.000592056 -0.058644313 -0.053590171 0.996839345
1403636757213555456.000000 0.240901828 -0.052149877 0.170004442 0.001034005 -0.063950516 -0.051028874 0.996647060
1403636757813555456.000000 0.173496231 -0.031640772 0.105583072 -0.038361143 -0.083824292 -0.068856977 0.993358254
1403636758263555840.000000 0.116255917 -0.040532969 0.068824321 -0.005029892 -0.103100367 -0.061229303 0.992771864
1403636758663555584.000000 0.068892390 -0.031270690 0.046750754 -0.055143014 -0.110985503 -0.036141787 0.991632640
1403636759063555840.000000 0.034088437 -0.021159556 0.042193789 -0.006718990 -0.105087221 -0.048547760 0.993254602
1403636759363555584.000000 0.016042845 -0.010132914 0.040431499 -0.007255331 -0.117584392 -0.016007816 0.992907405
1403636759763555840.000000 0.011532859 0.010050848 0.040087789 -0.000946180 -0.106976159 -0.057085298 0.992621005
1403636760163555584.000000 0.010921630 0.019103518 0.031261366 -0.028853245 -0.105226539 -0.059734009 0.992233217
1403636761313555456.000000 0.002926711 0.055223607 0.018190969 -0.046381533 -0.104735889 -0.070915602 0.990883529
1403636761713555456.000000 -0.010322873 0.055040445 0.021625260 -0.007444225 -0.108857490 -0.053907122 0.992566705
1403636761963555584.000000 -0.016280932 0.052250415 0.022204621 -0.009396051 -0.110802650 -0.044294983 0.992810369
1403636762213555456.000000 -0.018694984 0.049231380 0.021662163 -0.009342924 -0.094484895 -0.085976250 0.991762817
1403636762513555456.000000 -0.028350713 0.050443217 0.021927502 -0.036749031 -0.103637598 -0.054098662 0.992462635
1403636762763555840.000000 -0.035569478 0.059587266 0.029778060 -0.013156146 -0.112936459 -0.028596841 0.993103504
1403636762963555584.000000 -0.034664135 0.063019745 0.032508377 0.002729163 -0.099176832 -0.050176013 0.993800223
1403636763163555584.000000 -0.028642161 0.064627320 0.028405545 0.017756341 -0.070591412 -0.013663796 0.997253656
