1403636579763555584.000000 0.000000000 0.000000000 0.000000000 -0.000000000 -0.000000000 -0.000000000 1.000000000
1403636580063555584.000000 -0.001464822 0.131649673 0.041239079 -0.020514097 0.006005202 -0.000520664 0.999771416
1403636580113555456.000000 -0.001795701 0.156498864 0.048420757 -0.023018314 0.005622191 0.001871681 0.999717534
1403636581213555456.000000 -0.017662695 -0.092493959 -0.009500111 0.002614391 0.020731373 -0.013522929 0.999690175
1403636582213555456.000000 -0.002147993 0.261486530 0.067841411 -0.058980614 0.018565923 -0.009880676 0.998037577
1403636584063555584.000000 0.012943212 0.276212394 0.074013956 -0.064031638 0.023497498 -0.012249291 0.997596025
1403636584863555584.000000 0.000324113 -0.156705543 -0.015161739 0.014032199 0.046013698 -0.016736526 0.998702049
1403636586113555456.000000 0.015375218 0.113873653 0.003489773 -0.118928432 0.033412825 0.001691512 0.992339075
1403636586463555584.000000 0.005744280 0.110573322 -0.030444039 -0.186373368 0.044204831 0.016138345 0.981351316
1403636587663555584.000000 0.159358352 0.085258611 -0.004357581 -0.195586890 0.034620933 0.017908297 0.979911506
1403636588213555456.000000 0.334775567 0.087592080 0.013760831 -0.204784721 0.065396413 0.032107707 0.976092041
1403636589613555456.000000 -0.076548234 0.094033740 -0.037681926 -0.193054557 0.020575566 0.014007130 0.980872273
1403636589763555584.000000 -0.145961389 0.099560469 -0.043065939 -0.191856444 0.014196713 0.011733751 0.981250167
1403636589963555584.000000 -0.221787274 0.112561770 -0.047874741 -0.201707691 -0.002574612 0.009634536 0.979395032
1403636592163555584.000000 0.232479915 0.103707939 0.044043660 -0.149816424 0.098112799 0.039106615 0.983056247
1403636592613555456.000000 0.234750643 0.064697109 0.164887026 -0.158096477 0.068635650 0.036781281 0.984348416
1403636592813555456.000000 0.175467655 0.051385637 0.216093540 -0.151839644 0.026597988 0.018284516 0.987878025
1403636593013555456.000000 0.071353719 0.052880272 0.223942354 -0.162443623 -0.031899694 0.005828821 0.986184835
1403636593163555584.000000 -0.021433052 0.064872622 0.194360167 -0.167876914 -0.071898796 -0.005357982 0.983167946
1403636593313555456.000000 -0.105292983 0.080104537 0.139819935 -0.170904264 -0.103168726 -0.003720518 0.979864359
1403636593463555584.000000 -0.155037746 0.104321428 0.075111456 -0.176732823 -0.109817237 -0.006917389 0.978088856
1403636593713555456.000000 -0.149789929 0.153053060 -0.030672900 -0.192394808 -0.078575239 0.009297715 0.978122532
1403636593813555456.000000 -0.119256459 0.168760732 -0.064527236 -0.196867779 -0.049471710 0.022972563 0.978911638
1403636593913555456.000000 -0.078260861 0.178161278 -0.093492866 -0.191021085 -0.010602058 0.038732685 0.980764151
1403636594063555584.000000 0.000255264 0.184522808 -0.117942922 -0.175116137 0.049999483 0.056359634 0.981660843
1403636594363555584.000000 0.174200922 0.171618134 -0.078161448 -0.173589349 0.128857002 0.073814832 0.973557413
1403636594713555456.000000 0.297091335 0.122372277 0.076223604 -0.145154104 0.135683358 0.064619906 0.977928758
1403636594963555584.000000 0.206869975 0.105509087 0.165056542 -0.135836929 0.078770682 0.038975764 0.986825407
1403636595463555584.000000 -0.100507334 0.139552817 0.115141049 -0.153804347 -0.076761037 -0.006513649 0.985093653
1403636595813555456.000000 -0.007777368 0.182155326 0.014390573 -0.164694175 -0.044215560 -0.008166375 0.985319316
1403636595963555584.000000 0.075955644 0.201531306 -0.019902525 -0.165390581 0.003351126 0.001722621 0.986221015
1403636596113555456.000000 0.134207323 0.219884098 -0.061806627 -0.171781167 0.047169492 0.014829381 0.983893514
1403636596613555456.000000 0.014436614 0.234307349 -0.238167316 -0.157739818 0.063630342 0.019745447 0.985230684
1403636597513555456.000000 0.061314967 0.121129781 0.102257170 -0.165385082 0.001058606 -0.022958035 0.985961258
1403636598513555456.000000 -0.003763216 0.228226408 -0.011906750 -0.185754836 -0.056402802 -0.056976974 0.979319930
1403636598763555584.000000 0.022198010 0.237506658 0.071343139 -0.144484937 -0.080181263 -0.055276599 0.984702826
1403636598863555584.000000 0.029885544 0.246510342 0.108630255 -0.120965369 -0.089655183 -0.051899340 0.987236440
1403636599013555456.000000 0.041193899 0.267131418 0.158937544 -0.093494974 -0.092516519 -0.049796890 0.990060449
1403636599113555456.000000 0.044951469 0.278041095 0.182521164 -0.075210452 -0.098441690 -0.045494758 0.991253197
1403636599163555584.000000 0.046229433 0.281183422 0.191185862 -0.062929615 -0.102857172 -0.041904800 0.991818666
1403636599463555584.000000 0.050480299 0.295661479 0.236715943 0.000200436 -0.096348390 -0.035574984 0.994711697
1403636599613555456.000000 0.051862359 0.305610955 0.249909997 -0.007364063 -0.085342273 -0.031288031 0.995833099
1403636610913555456.000000 0.059370197 0.314180046 0.253361344 0.019402290 -0.085751213 -0.018555818 0.995954812
1403636624863555584.000000 0.111430459 0.323981762 0.222214073 -0.007256773 -0.063795172 -0.044752270 0.996932685
1403636625063555584.000000 0.140295655 0.308606267 0.187956706 -0.031741690 -0.056412872 -0.070050091 0.995441139
1403636627763555584.000000 0.225813240 -0.050884712 0.113067701 -0.022837624 -0.060380198 -0.042148657 0.997023642
1403636629113555456.000000 0.455491275 -0.191325590 0.193096414 -0.027861949 0.002201851 -0.023581926 0.999331176
1403636629613555456.000000 0.604454339 -0.232603446 0.280005187 -0.014407047 0.050379053 0.010225206 0.998573959
1403636629913555456.000000 0.726420879 -0.194676727 0.367223233 -0.035897255 0.113312230 0.025033852 0.992595077
1403636630113555456.000000 0.816417038 -0.191584393 0.436018407 -0.029819122 0.141544491 0.031513337 0.988980770
1403636630263555584.000000 0.882960677 -0.212976411 0.490180165 -0.009704241 0.152867511 0.032338332 0.987669766
1403636630463555584.000000 0.973645627 -0.258242279 0.554831088 -0.011018709 0.157223120 0.030991474 0.987015188
1403636631263555584.000000 1.294361472 -0.412148684 0.837161064 -0.009556171 0.142798290 0.025424616 0.989379048
1403636632813555456.000000 1.706734300 -0.468172133 1.469025373 -0.030685401 0.095794134 0.025282437 0.994606853
1403636634313555456.000000 2.026522160 -0.677830756 2.317553043 -0.024688201 0.033338826 -0.002717862 0.999135435
1403636635513555456.000000 2.338907719 -0.947744071 3.106325388 -0.026529735 -0.010800671 -0.019790987 0.999393761
1403636636263555584.000000 2.552352667 -1.295640469 3.596230030 -0.018140215 -0.003850805 -0.024877183 0.999518514
1403636637663555584.000000 2.793346405 -1.625041723 4.317476749 -0.021994282 -0.012446490 -0.031579580 0.999181747
1403636639213555456.000000 2.890180826 -1.935305953 5.087332726 -0.022190006 -0.030649148 -0.000331154 0.999283791
1403636640113555456.000000 3.152425766 -1.986794829 5.738656998 -0.000622952 -0.028258910 -0.036989633 0.998915792
1403636641663555584.000000 3.442880869 -2.138101339 6.420564175 -0.005908116 -0.055886742 -0.044419732 0.997431040
1403636644313555456.000000 3.855051756 -2.432514429 7.021904469 -0.026762735 -0.006226711 -0.013516460 0.999531031
1403636645763555584.000000 4.394255638 -2.407606363 7.947093487 -0.035376057 0.006091350 -0.025306525 0.999035060
1403636646463555584.000000 4.682475090 -2.688090324 8.557702065 0.007464075 0.098701291 0.030473571 0.994622409
1403636647213555456.000000 5.049531460 -2.992562294 8.997515678 -0.006757942 0.158631042 0.031771932 0.986803472
1403636648363555584.000000 5.650824070 -3.112735033 9.353790283 0.008306704 0.256235749 0.070006482 0.964040101
1403636649963555584.000000 6.405292511 -3.361989260 9.269540787 0.015855525 0.363309294 0.093542226 0.926825166
1403636652263555584.000000 6.713750362 -3.109807014 8.554946899 0.012182331 0.576427042 0.176089957 0.797856987
1403636652913555456.000000 6.698785305 -2.931996584 8.230360031 -0.019868361 0.654008031 0.225770697 0.721738398
1403636654213555456.000000 6.863296509 -2.791851044 7.674098492 0.015038574 0.648326516 0.191645786 0.736694276
1403636655213555456.000000 6.730256081 -2.708449364 7.293979168 0.015528808 0.726594388 0.213658735 0.652816534
1403636655913555456.000000 6.484107494 -2.537486553 7.104015827 0.011891255 0.767262518 0.261885017 0.585305989
1403636656613555456.000000 6.229586124 -2.410529852 6.797772408 0.001808131 0.796457827 0.269274980 0.541426539
1403636657563555584.000000 5.856526852 -2.222974300 6.367595673 0.020473722 0.788259029 0.268163592 0.553459048
1403636658463555584.000000 5.383877754 -1.928472519 5.836495399 -0.005545837 0.798548281 0.270024061 0.537937522
1403636659463555584.000000 5.074746609 -1.524560094 5.324763298 -0.002753952 0.803389788 0.254488111 0.538324296
1403636660313555456.000000 4.869416714 -1.216025710 5.177637100 -0.019168206 0.802411556 0.273155928 0.530239701
1403636661413555456.000000 5.014704227 -0.832899094 5.263687134 0.002573893 0.811808705 0.240775034 0.531965613
1403636663413555456.000000 4.944151878 -0.835514188 5.794515610 -0.021558970 0.800468326 0.284034401 0.527361512
1403636664763555584.000000 5.641582966 -0.710698485 6.156387329 0.004000810 0.797068834 0.242117628 0.553212762
1403636666313555456.000000 6.457422256 -1.113227487 6.970235825 0.016659504 0.793964565 0.244207367 0.556511819
1403636668013555456.000000 7.015014648 -1.352925420 7.650027275 0.003189222 0.779385507 0.267319918 0.566646397
1403636669313555456.000000 7.624779224 -1.327987432 8.135881424 0.000523635 0.802170932 0.237075269 0.548011720
1403636669863555584.000000 7.825040817 -1.386933088 8.500054359 0.038520582 0.801413834 0.228867471 0.551245630
1403636671813555456.000000 6.446483612 -1.438709736 7.456110477 -0.046410318 0.573426068 0.205483928 0.791710198
1403636673313555456.000000 6.126379013 -1.254901052 6.426802635 -0.057385460 0.533632755 0.168337837 0.826804340
1403636675863555584.000000 7.055345058 -1.365040064 7.601912498 0.003669017 0.433367163 0.108898796 0.894606352
1403636676763555584.000000 7.384164810 -1.399194956 8.319916725 -0.016674777 0.258185863 0.057953540 0.964211285
1403636678063555584.000000 7.559273720 -1.641050220 9.241091728 -0.007110021 0.089616939 0.032907370 0.995407164
1403636679313555456.000000 7.591500282 -1.821573377 9.655088425 0.001919316 -0.155622050 -0.084140584 0.984224856
1403636681363555584.000000 6.986343384 -1.913621426 9.170825005 -0.010579356 -0.228752285 -0.115668073 0.966530621
1403636683063555584.000000 6.040297508 -1.683120489 8.325462341 0.009536874 -0.230199099 -0.115448333 0.966224134
1403636684863555584.000000 5.181905270 -1.318903208 7.203973770 0.000624877 -0.259398311 -0.099806353 0.960599244
1403636686063555584.000000 4.847885609 -0.976647556 6.412693977 -0.009934827 -0.243078083 -0.111740328 0.963497996
1403636686763555584.000000 4.609637260 -0.816410959 5.972540855 -0.018942378 -0.244790897 -0.107564211 0.963404715
1403636687463555584.000000 4.399404526 -0.728166878 5.626064777 -0.005565920 -0.249649465 -0.104956321 0.962615371
1403636688063555584.000000 4.282556057 -0.504179478 5.400079250 -0.002772946 -0.250988990 -0.111054324 0.961594462
1403636688613555456.000000 4.197855473 -0.285048366 5.182205200 -0.004829085 -0.247599617 -0.122542247 0.961069465
1403636689163555584.000000 4.064567566 -0.075495213 4.938400269 -0.018810082 -0.274001569 -0.120080337 0.954017818
1403636689863555584.000000 3.815127850 -0.102157995 4.645007610 -0.047560636 -0.293022215 -0.106280506 0.948989153
1403636690713555456.000000 3.557862282 -0.239251763 4.686980247 -0.037145022 -0.291865796 -0.087667190 0.951708496
1403636691263555584.000000 3.569920540 -0.275905401 4.947651386 0.029112522 -0.302751154 -0.064228691 0.950457215
1403636691713555456.000000 3.846357822 -0.426272750 5.069122791 -0.002407918 -0.295052677 -0.117557481 0.948218524
1403636692913555456.000000 4.631381035 -0.918136835 5.123933792 -0.009688688 -0.273370385 -0.158553809 0.948702037
1403636693763555584.000000 4.860946178 -1.124429703 5.097220898 -0.052003596 -0.287489742 -0.132469192 0.947152138
1403636695413555456.000000 4.905098438 -1.280183196 5.504415035 -0.010698089 -0.284339637 -0.119005553 0.951248765
1403636699163555584.000000 4.334782124 -1.038184285 5.221208572 -0.015277440 0.036814202 -0.002415258 0.999202430
1403636700213555456.000000 4.176438332 -0.923086345 5.088218212 -0.004834536 0.228867471 0.076222226 0.970456839
1403636701163555584.000000 4.346745491 -0.606128991 4.993227959 -0.021170206 0.292648941 0.088044189 0.951922655
1403636702513555456.000000 4.747819901 -0.478235662 4.871774197 -0.016577493 0.385954499 0.113448463 0.915365398
1403636703813555456.000000 5.232051373 -0.236288965 5.038952351 -0.007556307 0.387803465 0.111814074 0.914903820
1403636705013555456.000000 5.758519173 -0.177736700 5.196082115 -0.052151937 0.372970790 0.115373150 0.919163764
1403636705713555456.000000 6.182390213 -0.212478161 5.569149017 -0.029625904 0.375886381 0.102722943 0.920478046
1403636706163555584.000000 6.459219456 -0.279554963 5.868239403 0.008808708 0.365810156 0.121522523 0.922679603
1403636706663555584.000000 6.770153522 -0.303038180 6.155606270 -0.018952115 0.372762650 0.090946808 0.923264563
1403636707613555456.000000 7.280338764 -0.642831683 6.773709774 -0.024976328 0.387569278 0.103630379 0.915656567
1403636708563555584.000000 7.821292877 -0.842254877 7.567464828 0.012766295 0.365962774 0.128413692 0.921638846
1403636709763555584.000000 8.329411507 -0.987665772 8.301867485 -0.014240445 0.396106273 0.091198981 0.913553357
1403636711063555584.000000 8.325990677 -1.063826084 9.209021568 -0.002574388 0.285853803 0.056984112 0.956574023
1403636712713555456.000000 7.691410065 -1.433228612 9.568067551 0.025546122 0.222520605 0.033226524 0.974026680
1403636713963555584.000000 6.854758263 -1.630952597 9.077422142 0.001929616 0.208221465 0.061965343 0.976114988
1403636715163555584.000000 6.356846809 -1.532104015 8.492855072 -0.030599212 0.102795638 0.005623769 0.994215846
1403636718613555456.000000 5.636858463 -1.115277410 7.100291252 -0.014489859 -0.143744841 -0.063873097 0.987445056
1403636721363555584.000000 5.013711929 -0.488197923 6.084263802 -0.002217443 -0.081056736 -0.038546018 0.995961368
1403636726813555456.000000 4.733850956 -0.305070162 4.432534695 0.003308223 0.099758327 0.028476797 0.994598627
1403636729963555584.000000 4.132281780 -0.488349557 3.234060526 -0.008471443 0.028869210 -0.019078270 0.999365211
1403636732613555456.000000 3.743913174 -0.173959598 2.676673412 0.013220131 0.034182172 -0.045753270 0.998280227
1403636734313555456.000000 3.312811136 -0.121852227 1.892872572 -0.002989925 0.018345838 -0.022455344 0.999575019
1403636737413555456.000000 2.412189722 -0.125814646 1.042108536 -0.010875949 -0.043992266 -0.039177671 0.998204172
1403636739963555584.000000 2.393039227 -0.127177715 0.968989372 -0.004729327 0.241752535 0.067957804 0.967943788
1403636743063555584.000000 2.790376186 0.671898007 1.210191488 -0.005431576 0.235821247 0.062565625 0.969765127
1403636744663555584.000000 3.212970972 1.163108349 1.833369493 0.017107632 0.285920233 0.098771952 0.952995896
1403636749763555584.000000 3.384605646 0.603209078 2.436951876 0.004432757 0.334041536 0.076760612 0.939417124
1403636752413555456.000000 3.075696230 -0.257226944 1.999188423 0.002308130 0.256274730 0.064022854 0.964478612
1403636754213555456.000000 2.858472347 -0.432399452 1.907356143 0.009474060 0.017741378 -0.030010799 0.999347210
1403636757313555456.000000 1.222352147 -0.242569253 0.803414643 0.000370710 -0.064518251 -0.054006461 0.996454000
1403636760163555584.000000 0.058765363 0.102435924 0.162697360 -0.028915554 -0.105422743 -0.058898129 0.992260516
1403636761913555456.000000 -0.081076398 0.279409707 0.114043944 -0.009130878 -0.112401873 -0.040376775 0.992800176
1403636762413555456.000000 -0.126974121 0.259779274 0.107705332 -0.037357539 -0.096388280 -0.075861849 0.991745293
1403636762563555584.000000 -0.159305185 0.272205144 0.119817309 -0.032149397 -0.108579040 -0.038952168 0.992803991
1403636762763555584.000000 -0.186269507 0.315080047 0.156559721 -0.012936182 -0.113115989 -0.027066194 0.993128836
1403636762863555584.000000 -0.182114005 0.343720406 0.175040022 0.021390328 -0.114726327 -0.027105436 0.992796898
1403636762913555456.000000 -0.179555222 0.343407929 0.174238175 0.033538874 -0.110664658 -0.033020016 0.992742717
1403636762963555584.000000 -0.171440497 0.349481732 0.166359574 0.003857797 -0.100282945 -0.048660465 0.993760884
1403636763013555456.000000 -0.158703774 0.380961686 0.156065583 -0.001214868 -0.091369398 -0.039981470 0.995013416
1403636763063555584.000000 -0.146831110 0.385125786 0.157145634 -0.001879928 -0.084224813 -0.026852589 0.996083140
1403636763113555456.000000 -0.140267447 0.385566145 0.158025995 0.006330547 -0.077937849 -0.017476596 0.996784925
1403636763313555456.000000 -0.137165248 0.384231031 0.160268366 0.008169667 -0.069635659 -0.008883590 0.997499466
